DB 0 MOTIF	STCCCCWGGGACHN	MEME-1
 -43.0	8.33333
 -42.0	11
 -41.0	5.5
 -40.0	6
 -39.0	11.5
 -38.0	18
 -37.0	12
 -36.0	10
 -35.0	23.75
 -34.0	14
 -33.0	16.5
 -32.0	10
 -31.0	20
 -30.0	20
 -29.0	14.5
 -28.0	24.3333
 -27.0	15
 -26.0	16
 -25.0	23
 -24.0	27
 -23.0	22
 -22.0	26.5
 -21.0	37
 -20.0	30
 -19.0	21
 -18.0	32.3333
 -17.0	32.5
 -16.0	33
 -15.0	40.5
 -14.0	44
 -13.0	54.3333
 -12.0	55.5
 -11.0	57.25
 -10.0	61.5
  -9.0	71.5
  -8.0	81.5
  -7.0	65
  -6.0	75
  -5.0	73
  -4.0	72
  -3.0	65.3333
  -2.0	75
  -1.0	86.3333
   0.0	73.5
   1.0	74.5
   2.0	83
   3.0	90
   4.0	97
   5.0	66
   6.0	80
   7.0	81
   8.0	94.5
   9.0	66.5
  10.0	84.5
  11.0	67
  12.0	60.3333
  13.0	47.75
  14.0	49
  15.0	41
  16.0	34.5
  17.0	37.5
  18.0	45.8333
  19.0	41
  20.0	37
  21.0	21
  22.0	29.5
  23.0	36
  24.0	24
  25.0	19.5
  26.0	16.5
  27.0	22
  28.0	13
  29.0	19.5
  30.0	18
  31.0	19
  32.0	7
  33.0	14
  34.0	13
  35.0	17
  36.0	12
  37.0	8.58333
  38.0	11
  39.0	16
  40.0	9.5
  41.0	8
  42.0	9
  43.0	8
DB 1 MOTIF	CCCYWGRG	DREME-1
 -46.0	4
 -45.0	2
 -44.0	4.75
 -43.0	9.5
 -42.0	7.33333
 -41.0	8.5
 -40.0	5.5
 -39.0	4
 -38.0	11
 -37.0	11.5
 -36.0	7.25
 -35.0	10.5
 -34.0	11
 -33.0	9.33333
 -32.0	15
 -31.0	9.33333
 -30.0	13.5
 -29.0	16.25
 -28.0	8
 -27.0	12.5
 -26.0	11
 -25.0	12
 -24.0	12.5
 -23.0	25
 -22.0	21.5
 -21.0	19.5
 -20.0	15.3333
 -19.0	23.0833
 -18.0	22.5
 -17.0	21
 -16.0	23
 -15.0	27.5
 -14.0	38.0833
 -13.0	39.5
 -12.0	37.25
 -11.0	45.3333
 -10.0	48.5
  -9.0	56.5
  -8.0	49.5
  -7.0	48.5
  -6.0	52.5
  -5.0	62.3333
  -4.0	50.8333
  -3.0	46
  -2.0	57
  -1.0	54.5
   0.0	46.25
   1.0	57.5833
   2.0	46
   3.0	64.5
   4.0	50.5
   5.0	66.5
   6.0	50
   7.0	71
   8.0	59.3333
   9.0	56
  10.0	46.8333
  11.0	54.8333
  12.0	37.75
  13.0	35
  14.0	36.5
  15.0	21.3333
  16.0	21.5
  17.0	21.5
  18.0	32
  19.0	26.75
  20.0	20.5
  21.0	21
  22.0	19
  23.0	16.5
  24.0	19.5
  25.0	14
  26.0	16
  27.0	11.5
  28.0	9
  29.0	12.3333
  30.0	22
  31.0	14
  32.0	9
  33.0	10
  34.0	5.5
  35.0	7
  36.0	9.25
  37.0	11.5
  38.0	12.25
  39.0	8
  40.0	9
  41.0	7
  42.0	6
  43.0	5.5
  44.0	4.5
  45.0	4
  46.0	2.5
DB 1 MOTIF	TCCCADGA	DREME-4
 -46.0	6
 -45.0	0
 -44.0	2
 -43.0	2
 -42.0	2
 -41.0	3
 -40.0	1
 -39.0	1
 -38.0	3
 -37.0	2
 -36.0	1.5
 -35.0	3
 -34.0	0.333333
 -33.0	1
 -32.0	1
 -31.0	3.33333
 -30.0	3
 -29.0	2
 -28.0	2
 -27.0	1
 -26.0	5
 -25.0	1.5
 -24.0	3
 -23.0	1.5
 -22.0	0
 -21.0	1.5
 -20.0	1.33333
 -19.0	0
 -18.0	1
 -17.0	5
 -16.0	4
 -15.0	3
 -14.0	5.5
 -13.0	3
 -12.0	3
 -11.0	5
 -10.0	1
  -9.0	5.5
  -8.0	4
  -7.0	3
  -6.0	3
  -5.0	6
  -4.0	9.5
  -3.0	6.5
  -2.0	7
  -1.0	7.83333
   0.0	6
   1.0	3.5
   2.0	6
   3.0	9
   4.0	8
   5.0	8
   6.0	5.5
   7.0	5
   8.0	6.5
   9.0	6
  10.0	2
  11.0	6
  12.0	5
  13.0	2
  14.0	3.5
  15.0	5
  16.0	5
  17.0	2
  18.0	7
  19.0	2
  20.0	5.5
  21.0	3
  22.0	3
  23.0	0
  24.0	7
  25.0	5
  26.0	3.5
  27.0	5
  28.0	2
  29.0	2.33333
  30.0	1.5
  31.0	5
  32.0	1
  33.0	4
  34.0	3
  35.0	1
  36.0	2.33333
  37.0	0
  38.0	0
  39.0	3
  40.0	0
  41.0	1
  42.0	0
  43.0	2
  44.0	1
  45.0	6
  46.0	2
DB 1 MOTIF	CCHCGGGR	DREME-6
 -46.0	2
 -45.0	1
 -44.0	0
 -43.0	0
 -42.0	1
 -41.0	1
 -40.0	3
 -39.0	0
 -38.0	1
 -37.0	3
 -36.0	1
 -35.0	2
 -34.0	0
 -33.0	3
 -32.0	2
 -31.0	2
 -30.0	3
 -29.0	3
 -28.0	3
 -27.0	3
 -26.0	3
 -25.0	5
 -24.0	0
 -23.0	6
 -22.0	2
 -21.0	2.5
 -20.0	2
 -19.0	4
 -18.0	3.5
 -17.0	1
 -16.0	5
 -15.0	5
 -14.0	2
 -13.0	3.5
 -12.0	1
 -11.0	3
 -10.0	4
  -9.0	2
  -8.0	4
  -7.0	10
  -6.0	6
  -5.0	9
  -4.0	6
  -3.0	7.5
  -2.0	2
  -1.0	3
   0.0	7
   1.0	7
   2.0	7
   3.0	3
   4.0	3
   5.0	8
   6.0	5
   7.0	4
   8.0	9
   9.0	5
  10.0	4.5
  11.0	8.5
  12.0	4
  13.0	5
  14.0	3
  15.0	3
  16.0	0
  17.0	1
  18.0	4
  19.0	2
  20.0	6
  21.0	5.5
  22.0	2
  23.0	1.5
  24.0	8
  25.0	3
  26.0	0
  27.0	3
  28.0	1
  29.0	2
  30.0	2
  31.0	4
  32.0	0.5
  33.0	2
  34.0	2
  35.0	1
  36.0	1
  37.0	1
  38.0	1
  39.0	1
  40.0	2
  41.0	1
  42.0	1.5
  43.0	0
  44.0	0
  45.0	0
  46.0	0
DB 1 MOTIF	CCCATGGG	DREME-7
 -46.0	0
 -45.0	1
 -44.0	1
 -43.0	0
 -42.0	0
 -41.0	0
 -40.0	1
 -39.0	0
 -38.0	1
 -37.0	0
 -36.0	3
 -35.0	1
 -34.0	3
 -33.0	0
 -32.0	0.333333
 -31.0	0
 -30.0	0
 -29.0	0
 -28.0	0
 -27.0	1
 -26.0	1
 -25.0	1
 -24.0	2
 -23.0	0
 -22.0	2
 -21.0	1
 -20.0	0
 -19.0	1
 -18.0	2
 -17.0	1
 -16.0	2
 -15.0	1
 -14.0	5
 -13.0	2
 -12.0	0
 -11.0	2
 -10.0	5
  -9.0	2
  -8.0	4
  -7.0	7
  -6.0	1
  -5.0	4
  -4.0	4
  -3.0	2
  -2.0	2
  -1.0	1
   0.0	4
   1.0	2
   2.0	5.33333
   3.0	4
   4.0	4
   5.0	2
   6.0	1
   7.0	1
   8.0	3
   9.0	6
  10.0	2
  11.0	3
  12.0	4
  13.0	3
  14.0	0
  15.0	2
  16.0	1
  17.0	1
  18.0	0
  19.0	2.33333
  20.0	2
  21.0	1
  22.0	0
  23.0	1
  24.0	3
  25.0	1
  26.0	0
  27.0	0
  28.0	1
  29.0	2
  30.0	0
  31.0	0
  32.0	1
  33.0	0
  34.0	0
  35.0	0
  36.0	1
  37.0	0
  38.0	0
  39.0	0
  40.0	0
  41.0	0
  42.0	0
  43.0	0
  44.0	0
  45.0	0
  46.0	0
DB 1 MOTIF	TCCCYGGA	DREME-9
 -46.0	1
 -45.0	0
 -44.0	0
 -43.0	1
 -42.0	1
 -41.0	1
 -40.0	1
 -39.0	2
 -38.0	0
 -37.0	1
 -36.0	0.5
 -35.0	1
 -34.0	0
 -33.0	2
 -32.0	0
 -31.0	1
 -30.0	3
 -29.0	0
 -28.0	2
 -27.0	2
 -26.0	1
 -25.0	0
 -24.0	1
 -23.0	2
 -22.0	3
 -21.0	0
 -20.0	3
 -19.0	3
 -18.0	1
 -17.0	0
 -16.0	2
 -15.0	2
 -14.0	3
 -13.0	1
 -12.0	1
 -11.0	2
 -10.0	2
  -9.0	6
  -8.0	2
  -7.0	3
  -6.0	1
  -5.0	2
  -4.0	2
  -3.0	3
  -2.0	1
  -1.0	4
   0.0	2
   1.0	5
   2.0	3
   3.0	4
   4.0	2
   5.0	4
   6.0	3
   7.0	3
   8.0	4
   9.0	4
  10.0	3
  11.0	3
  12.0	2
  13.0	4
  14.0	2
  15.0	1
  16.0	2
  17.0	2
  18.0	0
  19.0	2
  20.0	2
  21.0	2
  22.0	2
  23.0	0
  24.0	0
  25.0	3
  26.0	1
  27.0	1
  28.0	2
  29.0	2
  30.0	2
  31.0	2.5
  32.0	1
  33.0	1
  34.0	1
  35.0	6
  36.0	0
  37.0	1
  38.0	0
  39.0	1
  40.0	0
  41.0	1
  42.0	0
  43.0	2
  44.0	1
  45.0	0
  46.0	0
DB 1 MOTIF	CAHTTCCC	DREME-10
 -46.0	1
 -45.0	0
 -44.0	1
 -43.0	0
 -42.0	2
 -41.0	0
 -40.0	1
 -39.0	2
 -38.0	0
 -37.0	0
 -36.0	1
 -35.0	1
 -34.0	2
 -33.0	1
 -32.0	5
 -31.0	3
 -30.0	1
 -29.0	0
 -28.0	2
 -27.0	2
 -26.0	0
 -25.0	1
 -24.0	3
 -23.0	1
 -22.0	0
 -21.0	1
 -20.0	6
 -19.0	3
 -18.0	1
 -17.0	5
 -16.0	6
 -15.0	2
 -14.0	4
 -13.0	4
 -12.0	1
 -11.0	1
 -10.0	2
  -9.0	1
  -8.0	0
  -7.0	2
  -6.0	2
  -5.0	3
  -4.0	5
  -3.0	3
  -2.0	2
  -1.0	6
   0.0	4
   1.0	3
   2.0	3
   3.0	4
   4.0	5
   5.0	0
   6.0	2
   7.0	3
   8.0	3
   9.0	2
  10.0	2
  11.0	3
  12.0	4
  13.0	2
  14.0	3
  15.0	3
  16.0	1
  17.0	2
  18.0	1
  19.0	3
  20.0	4
  21.0	4
  22.0	7
  23.0	2
  24.0	2
  25.0	0
  26.0	0
  27.0	3
  28.0	2
  29.0	1
  30.0	0
  31.0	1
  32.0	1
  33.0	2
  34.0	2
  35.0	5
  36.0	1
  37.0	1
  38.0	0
  39.0	5
  40.0	0
  41.0	0
  42.0	0
  43.0	3
  44.0	3
  45.0	2
  46.0	1
DB 2 MOTIF	EBF1_full
 -43.0	8
 -42.0	8.5
 -41.0	9
 -40.0	7.5
 -39.0	8
 -38.0	11
 -37.0	12.5
 -36.0	12.25
 -35.0	12.5
 -34.0	19
 -33.0	13.5
 -32.0	17
 -31.0	11
 -30.0	19.5
 -29.0	15.3333
 -28.0	10
 -27.0	20
 -26.0	19
 -25.0	17
 -24.0	16
 -23.0	28.5
 -22.0	34
 -21.0	20
 -20.0	22
 -19.0	23.3333
 -18.0	24
 -17.0	30
 -16.0	30
 -15.0	36
 -14.0	56.8333
 -13.0	49.5
 -12.0	44.25
 -11.0	51.5
 -10.0	63
  -9.0	78.5
  -8.0	70
  -7.0	75
  -6.0	66
  -5.0	77
  -4.0	75.3333
  -3.0	68
  -2.0	75.5
  -1.0	73.5
   0.0	73.3333
   1.0	69.3333
   2.0	72
   3.0	89
   4.0	77
   5.0	81
   6.0	61
   7.0	94
   8.0	78
   9.0	81
  10.0	62
  11.0	72.3333
  12.0	62.75
  13.0	58
  14.0	44
  15.0	34.5
  16.0	31
  17.0	33
  18.0	34.5
  19.0	45.3333
  20.0	25
  21.0	33.5
  22.0	27
  23.0	22
  24.0	35
  25.0	24
  26.0	23
  27.0	16
  28.0	15
  29.0	16
  30.0	29.5
  31.0	12
  32.0	10
  33.0	11
  34.0	13
  35.0	10
  36.0	9.25
  37.0	11
  38.0	13.3333
  39.0	8
  40.0	11
  41.0	7
  42.0	8
  43.0	7
DB 2 MOTIF	GLIS2_DBD
 -43.0	1
 -42.0	3
 -41.0	4
 -40.0	3
 -39.0	4
 -38.0	0
 -37.0	2
 -36.0	1
 -35.0	1
 -34.0	4
 -33.0	0
 -32.0	2
 -31.0	1
 -30.0	4
 -29.0	1
 -28.0	1
 -27.0	0
 -26.0	5
 -25.0	4
 -24.0	2
 -23.0	8
 -22.0	5
 -21.0	2
 -20.0	2
 -19.0	1
 -18.0	2
 -17.0	2
 -16.0	3
 -15.0	2
 -14.0	4
 -13.0	2
 -12.0	5
 -11.0	1
 -10.0	3
  -9.0	4
  -8.0	2
  -7.0	1
  -6.0	4
  -5.0	8
  -4.0	2
  -3.0	2
  -2.0	2
  -1.0	1
   0.0	1
   1.0	1
   2.0	6
   3.0	2
   4.0	3
   5.0	0
   6.0	5
   7.0	8
   8.0	6
   9.0	4
  10.0	4
  11.0	2
  12.0	2
  13.0	0
  14.0	3
  15.0	5
  16.0	4
  17.0	2
  18.0	1
  19.0	4
  20.0	2
  21.0	3
  22.0	5
  23.0	5
  24.0	1
  25.0	4
  26.0	2
  27.0	1
  28.0	2
  29.0	1
  30.0	2
  31.0	0
  32.0	2
  33.0	2
  34.0	2
  35.0	2
  36.0	0
  37.0	0
  38.0	2
  39.0	1
  40.0	2
  41.0	1
  42.0	0
  43.0	3
DB 2 MOTIF	HIC2_DBD
 -45.5	12
 -44.5	28.5
 -43.5	17
 -42.5	19
 -41.5	18.5
 -40.5	19
 -39.5	22.5
 -38.5	22
 -37.5	19.5
 -36.5	28
 -35.5	27
 -34.5	21.5
 -33.5	23
 -32.5	31
 -31.5	29.5
 -30.5	20
 -29.5	22
 -28.5	15.3333
 -27.5	19
 -26.5	24
 -25.5	20
 -24.5	28.5
 -23.5	32.5
 -22.5	15
 -21.5	22
 -20.5	21.3333
 -19.5	21.5
 -18.5	18.5
 -17.5	28.5
 -16.5	25
 -15.5	25
 -14.5	27.5
 -13.5	15.5
 -12.5	27.5
 -11.5	13.5
 -10.5	30
  -9.5	26
  -8.5	26
  -7.5	31.5
  -6.5	31.5
  -5.5	28.8333
  -4.5	24
  -3.5	29
  -2.5	35
  -1.5	26
  -0.5	33
   0.5	33
   1.5	30.5
   2.5	27
   3.5	38.5
   4.5	31.5
   5.5	29.8333
   6.5	20
   7.5	25
   8.5	23
   9.5	31.3333
  10.5	22
  11.5	33
  12.5	22
  13.5	26
  14.5	28
  15.5	25
  16.5	28
  17.5	21
  18.5	23.5
  19.5	23.5
  20.5	27
  21.5	28
  22.5	30.8333
  23.5	23
  24.5	27
  25.5	19
  26.5	17.5
  27.5	20
  28.5	20
  29.5	18.5
  30.5	19
  31.5	21.5
  32.5	22
  33.5	26
  34.5	23
  35.5	26
  36.5	25
  37.5	26.5
  38.5	24
  39.5	20
  40.5	20
  41.5	22
  42.5	25
  43.5	19
  44.5	22
  45.5	23.5
DB 2 MOTIF	HINFP1_full_1
 -44.0	3
 -43.0	6
 -42.0	5
 -41.0	5
 -40.0	2
 -39.0	2
 -38.0	6
 -37.0	7
 -36.0	2
 -35.0	3
 -34.0	4
 -33.0	6
 -32.0	5
 -31.0	10
 -30.0	9
 -29.0	4
 -28.0	2
 -27.0	4
 -26.0	7
 -25.0	4
 -24.0	4
 -23.0	7
 -22.0	4
 -21.0	7
 -20.0	2
 -19.0	5
 -18.0	6
 -17.0	3
 -16.0	4
 -15.0	6
 -14.0	9
 -13.0	5
 -12.0	12
 -11.0	6
 -10.0	5
  -9.0	10
  -8.0	13
  -7.0	8
  -6.0	11
  -5.0	8
  -4.0	14
  -3.0	6
  -2.0	14
  -1.0	10
   0.0	14
   1.0	10
   2.0	12
   3.0	11
   4.0	7
   5.0	9
   6.0	12
   7.0	9
   8.0	8
   9.0	7
  10.0	8
  11.0	8
  12.0	7
  13.0	7
  14.0	9.5
  15.0	13
  16.0	5
  17.0	5
  18.0	10
  19.0	3
  20.0	13
  21.0	7
  22.0	5
  23.0	1
  24.0	11
  25.0	5
  26.0	5
  27.0	7
  28.0	4
  29.0	4
  30.0	8
  31.0	3
  32.0	1
  33.0	3
  34.0	1
  35.0	2
  36.0	6
  37.0	5
  38.0	3
  39.0	0
  40.0	3.5
  41.0	6
  42.0	3
  43.0	10
  44.0	8
DB 2 MOTIF	NFATC1_full_3
 -43.0	0
 -42.0	1
 -41.0	1
 -40.0	0
 -39.0	1
 -38.0	0
 -37.0	0
 -36.0	2
 -35.0	0
 -34.0	1
 -33.0	1
 -32.0	2
 -31.0	0
 -30.0	0
 -29.0	1
 -28.0	1
 -27.0	0
 -26.0	1
 -25.0	1
 -24.0	1
 -23.0	0
 -22.0	2
 -21.0	1
 -20.0	0
 -19.0	1
 -18.0	0
 -17.0	2
 -16.0	4
 -15.0	1
 -14.0	1
 -13.0	1
 -12.0	1
 -11.0	2
 -10.0	6
  -9.0	4
  -8.0	0
  -7.0	3
  -6.0	1
  -5.0	4
  -4.0	3
  -3.0	3
  -2.0	3
  -1.0	3
   0.0	1
   1.0	2
   2.0	3
   3.0	2
   4.0	3
   5.0	2
   6.0	1
   7.0	2
   8.0	2
   9.0	1
  10.0	3
  11.0	1
  12.0	2
  13.0	2
  14.0	1
  15.0	0
  16.0	0
  17.0	1
  18.0	0
  19.0	1
  20.0	2
  21.0	1
  22.0	0
  23.0	0
  24.0	5
  25.0	0
  26.0	2
  27.0	0
  28.0	1
  29.0	2
  30.0	0
  31.0	2
  32.0	2
  33.0	0
  34.0	2
  35.0	0
  36.0	1
  37.0	0
  38.0	2
  39.0	0
  40.0	0
  41.0	1
  42.0	0
  43.0	1
DB 2 MOTIF	NFKB2_DBD
 -43.5	2
 -42.5	3
 -41.5	4
 -40.5	2
 -39.5	1
 -38.5	2
 -37.5	5
 -36.5	2
 -35.5	1
 -34.5	3
 -33.5	2
 -32.5	2
 -31.5	6
 -30.5	1
 -29.5	3
 -28.5	2
 -27.5	5
 -26.5	2
 -25.5	2
 -24.5	4
 -23.5	2
 -22.5	3
 -21.5	3
 -20.5	3
 -19.5	5
 -18.5	3
 -17.5	1.5
 -16.5	4
 -15.5	5
 -14.5	3.5
 -13.5	9
 -12.5	2
 -11.5	5
 -10.5	5
  -9.5	4
  -8.5	4
  -7.5	4
  -6.5	1
  -5.5	5
  -4.5	1
  -3.5	3
  -2.5	4
  -1.5	8
  -0.5	2
   0.5	8
   1.5	5
   2.5	4
   3.5	7
   4.5	4
   5.5	5
   6.5	8
   7.5	5
   8.5	3
   9.5	2
  10.5	2
  11.5	5
  12.5	4
  13.5	4
  14.5	6
  15.5	3
  16.5	3
  17.5	5
  18.5	7
  19.5	4
  20.5	3
  21.5	3
  22.5	4
  23.5	4
  24.5	2
  25.5	2
  26.5	2
  27.5	4
  28.5	2
  29.5	6
  30.5	2
  31.5	3
  32.5	4
  33.5	1
  34.5	0
  35.5	2.5
  36.5	2
  37.5	2.5
  38.5	1
  39.5	1
  40.5	3
  41.5	6
  42.5	2
  43.5	3
DB 2 MOTIF	RXRA_DBD_2
 -43.0	2
 -42.0	3
 -41.0	3
 -40.0	0
 -39.0	2
 -38.0	1
 -37.0	2
 -36.0	0
 -35.0	1
 -34.0	1
 -33.0	0
 -32.0	0
 -31.0	5
 -30.0	1
 -29.0	1
 -28.0	0
 -27.0	2
 -26.0	2
 -25.0	0
 -24.0	3
 -23.0	2
 -22.0	1
 -21.0	1
 -20.0	1
 -19.0	0
 -18.0	0
 -17.0	1
 -16.0	2
 -15.0	2
 -14.0	6
 -13.0	2
 -12.0	1
 -11.0	2
 -10.0	2
  -9.0	1
  -8.0	2
  -7.0	1
  -6.0	1
  -5.0	1
  -4.0	4
  -3.0	3
  -2.0	4
  -1.0	2
   0.0	9
   1.0	2
   2.0	0
   3.0	2
   4.0	2
   5.0	2
   6.0	4
   7.0	1
   8.0	2
   9.0	3
  10.0	0
  11.0	1
  12.0	1
  13.0	2
  14.0	1
  15.0	1
  16.0	1
  17.0	3
  18.0	2
  19.0	2
  20.0	0
  21.0	0
  22.0	3
  23.0	3
  24.0	1
  25.0	1
  26.0	2
  27.0	3
  28.0	0
  29.0	2
  30.0	3
  31.0	2
  32.0	1
  33.0	2
  34.0	0
  35.0	1
  36.0	2
  37.0	2
  38.0	0
  39.0	2
  40.0	3
  41.0	0
  42.0	1
  43.0	0
DB 2 MOTIF	RXRA_full_2
 -43.0	2
 -42.0	3
 -41.0	2
 -40.0	0
 -39.0	2
 -38.0	0
 -37.0	1
 -36.0	0
 -35.0	1
 -34.0	1
 -33.0	0
 -32.0	0
 -31.0	4
 -30.0	1
 -29.0	1
 -28.0	0
 -27.0	2
 -26.0	0
 -25.0	0
 -24.0	3
 -23.0	4
 -22.0	1
 -21.0	2
 -20.0	0
 -19.0	0
 -18.0	0
 -17.0	1
 -16.0	1
 -15.0	2
 -14.0	5
 -13.0	2
 -12.0	1
 -11.0	0
 -10.0	2
  -9.0	1
  -8.0	0
  -7.0	1
  -6.0	1
  -5.0	1
  -4.0	4
  -3.0	2
  -2.0	3
  -1.0	2
   0.0	8
   1.0	2
   2.0	1
   3.0	2
   4.0	1
   5.0	2
   6.0	3
   7.0	1
   8.0	2
   9.0	4
  10.0	0
  11.0	0
  12.0	0
  13.0	1
  14.0	0
  15.0	1
  16.0	1
  17.0	3
  18.0	2
  19.0	2
  20.0	0
  21.0	0
  22.0	1
  23.0	2
  24.0	0
  25.0	0
  26.0	2
  27.0	3
  28.0	0
  29.0	2
  30.0	3
  31.0	2
  32.0	1
  33.0	2
  34.0	0
  35.0	1
  36.0	2
  37.0	2
  38.0	0
  39.0	2
  40.0	2
  41.0	0
  42.0	1
  43.0	0
DB 2 MOTIF	TFAP2A_DBD_1
 -44.0	5.25
 -43.0	12
 -42.0	10
 -41.0	14
 -40.0	12.5
 -39.0	8
 -38.0	9
 -37.0	10.5
 -36.0	10
 -35.0	23.25
 -34.0	8.5
 -33.0	5
 -32.0	12
 -31.0	19
 -30.0	12
 -29.0	18.25
 -28.0	8.5
 -27.0	14
 -26.0	7
 -25.0	10
 -24.0	9
 -23.0	22
 -22.0	16
 -21.0	21
 -20.0	16
 -19.0	19
 -18.0	19
 -17.0	14
 -16.0	21
 -15.0	27.5
 -14.0	21.75
 -13.0	17
 -12.0	21
 -11.0	28.25
 -10.0	23
  -9.0	22
  -8.0	27
  -7.0	32
  -6.0	26
  -5.0	26
  -4.0	27
  -3.0	21
  -2.0	26
  -1.0	30
   0.0	24
   1.0	27.25
   2.0	23
   3.0	29
   4.0	23
   5.0	30
   6.0	33
   7.0	22
   8.0	34
   9.0	29
  10.0	28
  11.0	25
  12.0	25.5
  13.0	18.25
  14.0	30
  15.0	26
  16.0	7
  17.0	23
  18.0	14
  19.0	15
  20.0	19
  21.0	18.5
  22.0	14
  23.0	26
  24.0	17
  25.0	19
  26.0	13
  27.0	16
  28.0	12
  29.0	20
  30.0	23
  31.0	15
  32.0	11.5
  33.0	17
  34.0	21
  35.0	17
  36.0	15
  37.0	9.25
  38.0	13
  39.0	8.5
  40.0	10
  41.0	6
  42.0	7
  43.0	11
  44.0	5
DB 2 MOTIF	TFAP2A_DBD_2
 -44.5	9
 -43.5	7.25
 -42.5	12
 -41.5	14
 -40.5	10
 -39.5	11.5
 -38.5	10
 -37.5	13.5
 -36.5	15
 -35.5	18
 -34.5	14
 -33.5	11
 -32.5	7
 -31.5	13
 -30.5	13
 -29.5	19
 -28.5	11.25
 -27.5	12
 -26.5	9
 -25.5	14
 -24.5	16
 -23.5	11
 -22.5	9
 -21.5	22
 -20.5	8
 -19.5	20
 -18.5	15
 -17.5	15
 -16.5	13
 -15.5	21
 -14.5	18
 -13.5	13.25
 -12.5	17.5
 -11.5	9
 -10.5	22
  -9.5	12
  -8.5	25
  -7.5	11
  -6.5	25
  -5.5	19
  -4.5	17
  -3.5	23
  -2.5	19
  -1.5	19
  -0.5	18
   0.5	19
   1.5	26.25
   2.5	18
   3.5	17
   4.5	17
   5.5	20
   6.5	12
   7.5	24
   8.5	26
   9.5	20.5
  10.5	18
  11.5	18
  12.5	16.5
  13.5	17
  14.5	19
  15.5	9
  16.5	10
  17.5	15
  18.5	5
  19.5	19
  20.5	13.5
  21.5	11
  22.5	19
  23.5	17
  24.5	7
  25.5	14
  26.5	7
  27.5	14
  28.5	9
  29.5	17
  30.5	21
  31.5	6
  32.5	16
  33.5	13
  34.5	15
  35.5	13.5
  36.5	7
  37.5	11
  38.5	14
  39.5	7
  40.5	10
  41.5	9
  42.5	12
  43.5	12
  44.5	7.5
DB 2 MOTIF	TFAP2A_DBD_3
 -43.5	3
 -42.5	3
 -41.5	6
 -40.5	2
 -39.5	4
 -38.5	3
 -37.5	11
 -36.5	5
 -35.5	4
 -34.5	5
 -33.5	2
 -32.5	11
 -31.5	6
 -30.5	6
 -29.5	3
 -28.5	6
 -27.5	6
 -26.5	2
 -25.5	5
 -24.5	4
 -23.5	10
 -22.5	9
 -21.5	8
 -20.5	10
 -19.5	4
 -18.5	6
 -17.5	11
 -16.5	6
 -15.5	4
 -14.5	7
 -13.5	6
 -12.5	10
 -11.5	6
 -10.5	8
  -9.5	8
  -8.5	6
  -7.5	9
  -6.5	6
  -5.5	5
  -4.5	11.5
  -3.5	10.5
  -2.5	8
  -1.5	9
  -0.5	10
   0.5	7
   1.5	12
   2.5	7
   3.5	8
   4.5	6.5
   5.5	11.5
   6.5	11
   7.5	11
   8.5	12
   9.5	11
  10.5	12
  11.5	6
  12.5	11
  13.5	8
  14.5	8
  15.5	11
  16.5	8
  17.5	6
  18.5	7
  19.5	9
  20.5	11
  21.5	8
  22.5	8
  23.5	5
  24.5	13
  25.5	9
  26.5	3
  27.5	0
  28.5	7
  29.5	4
  30.5	9
  31.5	3
  32.5	6
  33.5	4
  34.5	11
  35.5	5
  36.5	8
  37.5	5
  38.5	6
  39.5	0
  40.5	4
  41.5	4
  42.5	5
  43.5	7
DB 2 MOTIF	TFAP2A_DBD_4
 -44.5	8
 -43.5	2
 -42.5	11
 -41.5	11
 -40.5	10
 -39.5	9.5
 -38.5	9
 -37.5	13.5
 -36.5	10
 -35.5	15.5
 -34.5	9.5
 -33.5	7
 -32.5	8
 -31.5	10
 -30.5	10
 -29.5	13
 -28.5	6
 -27.5	9
 -26.5	12
 -25.5	9
 -24.5	11
 -23.5	6
 -22.5	9
 -21.5	16
 -20.5	6
 -19.5	18
 -18.5	13
 -17.5	6.5
 -16.5	11
 -15.5	15.5
 -14.5	11
 -13.5	12
 -12.5	13
 -11.5	6
 -10.5	15
  -9.5	7
  -8.5	15
  -7.5	9
  -6.5	21
  -5.5	13
  -4.5	14
  -3.5	20
  -2.5	15
  -1.5	17
  -0.5	13
   0.5	14
   1.5	18
   2.5	14
   3.5	11
   4.5	11
   5.5	17
   6.5	12
   7.5	18
   8.5	26
   9.5	15.5
  10.5	15
  11.5	12
  12.5	11.5
  13.5	9
  14.5	18
  15.5	6
  16.5	7
  17.5	10.5
  18.5	4
  19.5	13
  20.5	10.5
  21.5	5
  22.5	16
  23.5	10
  24.5	7
  25.5	7.5
  26.5	4
  27.5	11
  28.5	9
  29.5	13
  30.5	13
  31.5	8
  32.5	8
  33.5	8
  34.5	16
  35.5	12
  36.5	7
  37.5	8
  38.5	14
  39.5	6
  40.5	11
  41.5	6
  42.5	11
  43.5	8
  44.5	5.5
DB 2 MOTIF	TFAP2A_DBD_5
 -44.0	7.25
 -43.0	10
 -42.0	6
 -41.0	13
 -40.0	9.5
 -39.0	6
 -38.0	7
 -37.0	9.5
 -36.0	12
 -35.0	19.75
 -34.0	7.5
 -33.0	5
 -32.0	7
 -31.0	16
 -30.0	12
 -29.0	16.25
 -28.0	7.5
 -27.0	10
 -26.0	6
 -25.0	9
 -24.0	7
 -23.0	15
 -22.0	12
 -21.0	20
 -20.0	16
 -19.0	18
 -18.0	15
 -17.0	18
 -16.0	20
 -15.0	22.5
 -14.0	18.25
 -13.0	20
 -12.0	15
 -11.0	26.25
 -10.0	19
  -9.0	19
  -8.0	27
  -7.0	28
  -6.0	25
  -5.0	31
  -4.0	27
  -3.0	27
  -2.0	23
  -1.0	27
   0.0	23
   1.0	26.25
   2.0	23
   3.0	29
   4.0	25
   5.0	28
   6.0	29
   7.0	27
   8.0	30
   9.0	27
  10.0	25
  11.0	26
  12.0	23.5
  13.0	17.25
  14.0	25
  15.0	28
  16.0	11
  17.0	20
  18.0	12.5
  19.0	16
  20.0	19
  21.0	16.5
  22.0	13
  23.0	27
  24.0	14
  25.0	16
  26.0	13
  27.0	13
  28.0	14
  29.0	17
  30.0	18
  31.0	15
  32.0	8.5
  33.0	13
  34.0	15
  35.0	15
  36.0	11
  37.0	9.25
  38.0	14
  39.0	9
  40.0	12
  41.0	4
  42.0	5
  43.0	8
  44.0	5
DB 2 MOTIF	TFAP2A_DBD_6
 -43.5	4
 -42.5	2
 -41.5	5
 -40.5	1
 -39.5	4
 -38.5	3
 -37.5	7
 -36.5	4
 -35.5	3
 -34.5	6.25
 -33.5	1
 -32.5	7
 -31.5	5
 -30.5	6
 -29.5	5
 -28.5	6
 -27.5	5
 -26.5	0
 -25.5	2
 -24.5	2
 -23.5	8
 -22.5	9
 -21.5	9
 -20.5	9
 -19.5	5
 -18.5	7
 -17.5	7
 -16.5	2
 -15.5	6
 -14.5	9
 -13.5	8
 -12.5	9
 -11.5	4
 -10.5	10.25
  -9.5	7
  -8.5	5
  -7.5	11
  -6.5	8
  -5.5	7
  -4.5	13
  -3.5	9
  -2.5	9
  -1.5	11
  -0.5	12
   0.5	9
   1.5	11
   2.5	6
   3.5	10
   4.5	6.5
   5.5	12.5
   6.5	11
   7.5	12
   8.5	14
   9.5	12
  10.5	12
  11.5	8
  12.5	11
  13.5	12.25
  14.5	7
  15.5	9
  16.5	5
  17.5	7
  18.5	4
  19.5	5
  20.5	9
  21.5	5
  22.5	8
  23.5	4
  24.5	18
  25.5	4
  26.5	0
  27.5	2
  28.5	6
  29.5	5
  30.5	11
  31.5	4
  32.5	3
  33.5	4
  34.5	7
  35.5	2
  36.5	5
  37.5	6.25
  38.5	6
  39.5	0
  40.5	4
  41.5	5
  42.5	5
  43.5	3
DB 2 MOTIF	TFAP2B_DBD_1
 -44.0	9.25
 -43.0	10
 -42.0	10
 -41.0	13
 -40.0	11.5
 -39.0	7
 -38.0	7.5
 -37.0	10.5
 -36.0	15
 -35.0	21.75
 -34.0	10.5
 -33.0	7
 -32.0	9
 -31.0	15
 -30.0	16.5
 -29.0	17.25
 -28.0	9.5
 -27.0	13
 -26.0	6
 -25.0	11
 -24.0	8
 -23.0	17
 -22.0	15.5
 -21.0	24
 -20.0	21
 -19.0	19
 -18.0	17
 -17.0	21
 -16.0	25
 -15.0	25.5
 -14.0	26.25
 -13.0	19.5
 -12.0	24
 -11.0	29.25
 -10.0	26
  -9.0	26
  -8.0	33
  -7.0	35
  -6.0	32
  -5.0	35
  -4.0	32
  -3.0	30
  -2.0	29
  -1.0	36
   0.0	24.5
   1.0	33.25
   2.0	25
   3.0	34
   4.0	30
   5.0	39
   6.0	36
   7.0	35.5
   8.0	40
   9.0	32
  10.0	33
  11.0	35
  12.0	30.5
  13.0	24.25
  14.0	28
  15.0	31
  16.0	13
  17.0	24
  18.0	17.5
  19.0	17
  20.0	20
  21.0	20.5
  22.0	14
  23.0	28
  24.0	16
  25.0	19
  26.0	15
  27.0	17
  28.0	14
  29.0	19
  30.0	20
  31.0	14
  32.0	9.5
  33.0	15
  34.0	18
  35.0	21
  36.0	15
  37.0	9.25
  38.0	17
  39.0	8
  40.0	13
  41.0	6
  42.0	5
  43.0	11
  44.0	6
DB 2 MOTIF	TFAP2B_DBD_2
 -44.5	6
 -43.5	2.25
 -42.5	8
 -41.5	11
 -40.5	10
 -39.5	9.5
 -38.5	6
 -37.5	11.5
 -36.5	10
 -35.5	13.5
 -34.5	10.5
 -33.5	6
 -32.5	6
 -31.5	7
 -30.5	9
 -29.5	10
 -28.5	6.25
 -27.5	8
 -26.5	7
 -25.5	5
 -24.5	9
 -23.5	5
 -22.5	8
 -21.5	18
 -20.5	5
 -19.5	18
 -18.5	11
 -17.5	4
 -16.5	12
 -15.5	16.5
 -14.5	11
 -13.5	11.25
 -12.5	13.5
 -11.5	8
 -10.5	15
  -9.5	7
  -8.5	18
  -7.5	8
  -6.5	20
  -5.5	12
  -4.5	14
  -3.5	16
  -2.5	10
  -1.5	18
  -0.5	10
   0.5	14
   1.5	18.25
   2.5	13
   3.5	14
   4.5	12
   5.5	12
   6.5	10
   7.5	19
   8.5	22
   9.5	18.5
  10.5	13
  11.5	13
  12.5	10.5
  13.5	10
  14.5	16
  15.5	5
  16.5	7
  17.5	11.5
  18.5	4
  19.5	14
  20.5	8.5
  21.5	4
  22.5	14
  23.5	8
  24.5	7
  25.5	8
  26.5	4
  27.5	10
  28.5	5
  29.5	11
  30.5	14
  31.5	6
  32.5	6
  33.5	7
  34.5	13
  35.5	9.5
  36.5	5
  37.5	7
  38.5	11
  39.5	6
  40.5	11
  41.5	5
  42.5	9
  43.5	8
  44.5	5.5
DB 2 MOTIF	TFAP2B_DBD_3
 -43.5	4
 -42.5	2
 -41.5	4
 -40.5	1
 -39.5	5
 -38.5	3
 -37.5	7
 -36.5	4
 -35.5	4
 -34.5	7.25
 -33.5	2
 -32.5	6
 -31.5	4
 -30.5	6
 -29.5	5
 -28.5	6
 -27.5	5
 -26.5	0
 -25.5	1
 -24.5	2
 -23.5	6
 -22.5	8
 -21.5	7
 -20.5	7
 -19.5	2
 -18.5	7
 -17.5	5
 -16.5	1
 -15.5	5
 -14.5	10
 -13.5	6
 -12.5	5
 -11.5	3
 -10.5	9.25
  -9.5	5
  -8.5	5
  -7.5	12
  -6.5	7
  -5.5	7
  -4.5	9.5
  -3.5	8.5
  -2.5	9
  -1.5	11
  -0.5	12
   0.5	9
   1.5	12
   2.5	7
   3.5	11
   4.5	8.5
   5.5	12.5
   6.5	12
   7.5	12
   8.5	13
   9.5	14
  10.5	12
  11.5	9
  12.5	8
  13.5	10.25
  14.5	7
  15.5	9
  16.5	6
  17.5	7
  18.5	3
  19.5	7
  20.5	9
  21.5	6
  22.5	8
  23.5	4
  24.5	15
  25.5	2
  26.5	0
  27.5	1
  28.5	6
  29.5	3
  30.5	9
  31.5	3
  32.5	4
  33.5	4
  34.5	5
  35.5	1
  36.5	3
  37.5	7.25
  38.5	6
  39.5	1
  40.5	5
  41.5	4
  42.5	4
  43.5	4
DB 2 MOTIF	TFAP2C_DBD_1
 -44.0	9.25
 -43.0	11.5
 -42.0	11
 -41.0	13
 -40.0	12.5
 -39.0	7
 -38.0	7
 -37.0	11.5
 -36.0	14
 -35.0	22.75
 -34.0	10.5
 -33.0	9
 -32.0	9
 -31.0	16
 -30.0	15.5
 -29.0	19.25
 -28.0	10.5
 -27.0	13
 -26.0	9
 -25.0	9
 -24.0	8
 -23.0	20
 -22.0	14.5
 -21.0	24
 -20.0	21.3333
 -19.0	23
 -18.0	21
 -17.0	24
 -16.0	28
 -15.0	28.5
 -14.0	32.25
 -13.0	24.5
 -12.0	24
 -11.0	32.25
 -10.0	27.5
  -9.0	28
  -8.0	34.5
  -7.0	38
  -6.0	38
  -5.0	40.3333
  -4.0	37
  -3.0	34
  -2.0	35
  -1.0	41.5
   0.0	32.5
   1.0	32.75
   2.0	31
   3.0	39.5
   4.0	38
   5.0	43
   6.0	42
   7.0	43
   8.0	47
   9.0	40
  10.0	39.3333
  11.0	38
  12.0	35.5
  13.0	25.25
  14.0	35
  15.0	32
  16.0	15
  17.0	26
  18.0	18.5
  19.0	20
  20.0	20
  21.0	21.5
  22.0	15
  23.0	27
  24.0	19
  25.0	22
  26.0	15
  27.0	16
  28.0	19
  29.0	19
  30.0	19
  31.0	18
  32.0	10.5
  33.0	15
  34.0	17
  35.0	20
  36.0	16
  37.0	9.25
  38.0	17
  39.0	10
  40.0	15
  41.0	8
  42.0	7
  43.0	10
  44.0	5
DB 2 MOTIF	TFAP2C_DBD_2
 -44.5	8
 -43.5	4.25
 -42.5	13
 -41.5	13
 -40.5	10
 -39.5	10.5
 -38.5	9
 -37.5	12.5
 -36.5	12
 -35.5	15
 -34.5	10
 -33.5	8
 -32.5	7
 -31.5	11
 -30.5	9
 -29.5	13
 -28.5	11.25
 -27.5	11
 -26.5	10
 -25.5	11
 -24.5	12
 -23.5	7
 -22.5	8
 -21.5	18
 -20.5	5
 -19.5	19
 -18.5	14
 -17.5	8
 -16.5	15
 -15.5	16
 -14.5	12
 -13.5	11.25
 -12.5	14.5
 -11.5	7
 -10.5	18
  -9.5	9
  -8.5	16
  -7.5	10
  -6.5	24
  -5.5	12
  -4.5	13
  -3.5	19
  -2.5	17
  -1.5	19
  -0.5	13
   0.5	15
   1.5	20.25
   2.5	14
   3.5	16
   4.5	13
   5.5	16
   6.5	12
   7.5	19
   8.5	23
   9.5	17.5
  10.5	15
  11.5	13
  12.5	12.5
  13.5	12
  14.5	20
  15.5	7
  16.5	7
  17.5	11
  18.5	5
  19.5	16
  20.5	12.5
  21.5	8
  22.5	18
  23.5	9
  24.5	8
  25.5	11
  26.5	6
  27.5	14
  28.5	9
  29.5	14
  30.5	17
  31.5	11
  32.5	11
  33.5	9
  34.5	13
  35.5	11.5
  36.5	9
  37.5	11
  38.5	16
  39.5	7
  40.5	13
  41.5	6
  42.5	14
  43.5	8
  44.5	7.5
DB 2 MOTIF	TFAP2C_DBD_3
 -43.5	4
 -42.5	2
 -41.5	3
 -40.5	1
 -39.5	4
 -38.5	3
 -37.5	6
 -36.5	4
 -35.5	3
 -34.5	7.25
 -33.5	2
 -32.5	5
 -31.5	5
 -30.5	5
 -29.5	4
 -28.5	7
 -27.5	4
 -26.5	0
 -25.5	2
 -24.5	2
 -23.5	7
 -22.5	9
 -21.5	7
 -20.5	8
 -19.5	4
 -18.5	6
 -17.5	6
 -16.5	1
 -15.5	6
 -14.5	9
 -13.5	7
 -12.5	6
 -11.5	3
 -10.5	9.25
  -9.5	6
  -8.5	5
  -7.5	9
  -6.5	8
  -5.5	7
  -4.5	10
  -3.5	8
  -2.5	10
  -1.5	11
  -0.5	12
   0.5	7
   1.5	10
   2.5	6
   3.5	12
   4.5	5.5
   5.5	14.5
   6.5	11
   7.5	10
   8.5	14
   9.5	12
  10.5	11
  11.5	9
  12.5	9
  13.5	12.25
  14.5	6
  15.5	8
  16.5	5
  17.5	7
  18.5	4
  19.5	5
  20.5	9
  21.5	5
  22.5	9
  23.5	3
  24.5	14
  25.5	2
  26.5	0
  27.5	2
  28.5	6
  29.5	3
  30.5	11
  31.5	3
  32.5	4
  33.5	3
  34.5	6
  35.5	1
  36.5	1
  37.5	7.25
  38.5	6
  39.5	0
  40.5	5
  41.5	4
  42.5	3
  43.5	3
DB 2 MOTIF	TFAP2C_full_1
 -44.0	10.25
 -43.0	15.5
 -42.0	16
 -41.0	16.5
 -40.0	15.5
 -39.0	9
 -38.0	16
 -37.0	20.5
 -36.0	22
 -35.0	23.25
 -34.0	14
 -33.0	10
 -32.0	11
 -31.0	20
 -30.0	23
 -29.0	22.75
 -28.0	12.5
 -27.0	18
 -26.0	10
 -25.0	18
 -24.0	12
 -23.0	26
 -22.0	21.5
 -21.0	30
 -20.0	24.3333
 -19.0	25
 -18.0	27
 -17.0	27
 -16.0	34.5
 -15.0	32.5
 -14.0	38.75
 -13.0	26.5
 -12.0	31.5
 -11.0	41.25
 -10.0	34.5
  -9.0	33
  -8.0	32
  -7.0	44
  -6.0	48
  -5.0	41.3333
  -4.0	39
  -3.0	35
  -2.0	36
  -1.0	50
   0.0	44.5
   1.0	40.25
   2.0	36
   3.0	45.5
   4.0	43
   5.0	46
   6.0	49.5
   7.0	40
   8.0	55
   9.0	42
  10.0	37.3333
  11.0	36
  12.0	31.5
  13.0	22.25
  14.0	39
  15.0	34
  16.0	21
  17.0	27
  18.0	17.5
  19.0	25
  20.0	26
  21.0	24.5
  22.0	17
  23.0	33
  24.0	20
  25.0	24
  26.0	18.5
  27.0	18
  28.0	23
  29.0	24
  30.0	25
  31.0	26
  32.0	20.5
  33.0	21
  34.0	23
  35.0	26
  36.0	15
  37.0	12.25
  38.0	20
  39.0	14.5
  40.0	16
  41.0	13
  42.0	9
  43.0	13
  44.0	11
DB 2 MOTIF	TFAP2C_full_2
 -43.5	1
 -42.5	2
 -41.5	2
 -40.5	3
 -39.5	1
 -38.5	3
 -37.5	2
 -36.5	0
 -35.5	1
 -34.5	4
 -33.5	1
 -32.5	3
 -31.5	3
 -30.5	4
 -29.5	1
 -28.5	3
 -27.5	3
 -26.5	0
 -25.5	2
 -24.5	1
 -23.5	3
 -22.5	2
 -21.5	1
 -20.5	2
 -19.5	0
 -18.5	1
 -17.5	3
 -16.5	1
 -15.5	2
 -14.5	6
 -13.5	4
 -12.5	3
 -11.5	2
 -10.5	6
  -9.5	1
  -8.5	3
  -7.5	4
  -6.5	4
  -5.5	4
  -4.5	7
  -3.5	6
  -2.5	1
  -1.5	3
  -0.5	7
   0.5	3
   1.5	8
   2.5	5
   3.5	4
   4.5	2
   5.5	5
   6.5	8
   7.5	5
   8.5	4
   9.5	7
  10.5	8
  11.5	4
  12.5	6
  13.5	3
  14.5	2
  15.5	4
  16.5	2
  17.5	3
  18.5	3
  19.5	4
  20.5	5
  21.5	2
  22.5	2
  23.5	4
  24.5	6
  25.5	2
  26.5	1
  27.5	1
  28.5	1
  29.5	0
  30.5	4
  31.5	2
  32.5	2
  33.5	2
  34.5	3
  35.5	1
  36.5	0
  37.5	3
  38.5	1
  39.5	0
  40.5	4
  41.5	3
  42.5	2
  43.5	3
DB 2 MOTIF	TFAP2C_full_3
 -44.5	18
 -43.5	8
 -42.5	21
 -41.5	18
 -40.5	15.5
 -39.5	20
 -38.5	18
 -37.5	21.5
 -36.5	22
 -35.5	22.5
 -34.5	19
 -33.5	10
 -32.5	16
 -31.5	26
 -30.5	16
 -29.5	18
 -28.5	23
 -27.5	17
 -26.5	21
 -25.5	15
 -24.5	16
 -23.5	19
 -22.5	23
 -21.5	21
 -20.5	13
 -19.5	26
 -18.5	21
 -17.5	13.5
 -16.5	29.5
 -15.5	26
 -14.5	16
 -13.5	25
 -12.5	16.5
 -11.5	13
 -10.5	25
  -9.5	18
  -8.5	25
  -7.5	20
  -6.5	35
  -5.5	20
  -4.5	22
  -3.5	24
  -2.5	26
  -1.5	22
  -0.5	21
   0.5	23
   1.5	26
   2.5	27
   3.5	24
   4.5	16
   5.5	22
   6.5	20.5
   7.5	25
   8.5	23
   9.5	27.5
  10.5	24
  11.5	23
  12.5	22
  13.5	21
  14.5	24
  15.5	13
  16.5	12
  17.5	21.5
  18.5	8
  19.5	21
  20.5	18.5
  21.5	19
  22.5	23
  23.5	21
  24.5	18
  25.5	14.5
  26.5	16.5
  27.5	20
  28.5	22
  29.5	23
  30.5	25
  31.5	16
  32.5	14
  33.5	23
  34.5	25
  35.5	16.5
  36.5	19
  37.5	18
  38.5	26
  39.5	15
  40.5	13
  41.5	13
  42.5	17
  43.5	14
  44.5	16.5
DB 2 MOTIF	Tcfap2a_DBD_1
 -44.0	4
 -43.0	8
 -42.0	6
 -41.0	13
 -40.0	9
 -39.0	5
 -38.0	8
 -37.0	9.5
 -36.0	5
 -35.0	14.25
 -34.0	5
 -33.0	4
 -32.0	8
 -31.0	10
 -30.0	10
 -29.0	15
 -28.0	6.5
 -27.0	8
 -26.0	6
 -25.0	10
 -24.0	8
 -23.0	15
 -22.0	9
 -21.0	20
 -20.0	14
 -19.0	14
 -18.0	16
 -17.0	10
 -16.0	15
 -15.0	16
 -14.0	10.5
 -13.0	14
 -12.0	10
 -11.0	22.25
 -10.0	16
  -9.0	19
  -8.0	17
  -7.0	21
  -6.0	23
  -5.0	19
  -4.0	23
  -3.0	16
  -2.0	19
  -1.0	19
   0.0	19
   1.0	24
   2.0	18
   3.0	23
   4.0	18
   5.0	21
   6.0	26
   7.0	19
   8.0	29
   9.0	27
  10.0	15
  11.0	19
  12.0	18
  13.0	18.25
  14.0	22
  15.0	14
  16.0	6
  17.0	19
  18.0	9
  19.0	11
  20.0	18
  21.0	13.5
  22.0	11
  23.0	20
  24.0	12
  25.0	12
  26.0	10
  27.0	14
  28.0	12
  29.0	15
  30.0	19
  31.0	16
  32.0	10.5
  33.0	11
  34.0	15
  35.0	15
  36.0	9
  37.0	10.25
  38.0	9
  39.0	8.5
  40.0	10
  41.0	4
  42.0	6
  43.0	9
  44.0	6
DB 2 MOTIF	Tcfap2a_DBD_2
 -44.5	6
 -43.5	3
 -42.5	10
 -41.5	12
 -40.5	9
 -39.5	9
 -38.5	8
 -37.5	10.5
 -36.5	12
 -35.5	12
 -34.5	8.5
 -33.5	7
 -32.5	11
 -31.5	13
 -30.5	10
 -29.5	14
 -28.5	11
 -27.5	10
 -26.5	12
 -25.5	8
 -24.5	14
 -23.5	9
 -22.5	10
 -21.5	19
 -20.5	4
 -19.5	18
 -18.5	15
 -17.5	11
 -16.5	14
 -15.5	16.5
 -14.5	11
 -13.5	11
 -12.5	14
 -11.5	9
 -10.5	23
  -9.5	13
  -8.5	17
  -7.5	12
  -6.5	24.5
  -5.5	14
  -4.5	22
  -3.5	20
  -2.5	14
  -1.5	15
  -0.5	14
   0.5	18
   1.5	21
   2.5	14
   3.5	19
   4.5	16
   5.5	17
   6.5	15
   7.5	24
   8.5	22
   9.5	17.5
  10.5	18
  11.5	14
  12.5	10
  13.5	17
  14.5	20
  15.5	10
  16.5	9
  17.5	13
  18.5	4
  19.5	14
  20.5	12.5
  21.5	8
  22.5	16
  23.5	12
  24.5	11
  25.5	11
  26.5	4
  27.5	14
  28.5	10.5
  29.5	13
  30.5	15
  31.5	6
  32.5	9
  33.5	9
  34.5	14
  35.5	11
  36.5	11
  37.5	11
  38.5	14
  39.5	8
  40.5	9
  41.5	6
  42.5	9
  43.5	8
  44.5	8.5
DB 2 MOTIF	Tcfap2a_DBD_3
 -43.5	4
 -42.5	2
 -41.5	5
 -40.5	2
 -39.5	4
 -38.5	3
 -37.5	10
 -36.5	4
 -35.5	4
 -34.5	7.25
 -33.5	1
 -32.5	9
 -31.5	4
 -30.5	6
 -29.5	4
 -28.5	7
 -27.5	5
 -26.5	1
 -25.5	3
 -24.5	2
 -23.5	9
 -22.5	8
 -21.5	12
 -20.5	9
 -19.5	3
 -18.5	8
 -17.5	9
 -16.5	5
 -15.5	4
 -14.5	10
 -13.5	7
 -12.5	8
 -11.5	5
 -10.5	10.25
  -9.5	6
  -8.5	7
  -7.5	11
  -6.5	10
  -5.5	6
  -4.5	12
  -3.5	10
  -2.5	9
  -1.5	11
  -0.5	12
   0.5	9
   1.5	12
   2.5	7
   3.5	10
   4.5	8.5
   5.5	13.5
   6.5	12
   7.5	10
   8.5	15
   9.5	12
  10.5	12
  11.5	9
  12.5	11
  13.5	11.25
  14.5	7
  15.5	9
  16.5	8
  17.5	7
  18.5	5
  19.5	7
  20.5	9
  21.5	6
  22.5	9
  23.5	5
  24.5	17
  25.5	5
  26.5	1
  27.5	1
  28.5	6
  29.5	5
  30.5	10
  31.5	4
  32.5	5
  33.5	4
  34.5	8
  35.5	2
  36.5	9
  37.5	6.25
  38.5	6
  39.5	0
  40.5	5
  41.5	6
  42.5	6
  43.5	4
DB 3 MOTIF	MA0056.1	MZF1
 -47.0	19.3333
 -46.0	14.7
 -45.0	18
 -44.0	25
 -43.0	19.75
 -42.0	20.3333
 -41.0	22.4167
 -40.0	16
 -39.0	19.5
 -38.0	20.25
 -37.0	23.1667
 -36.0	20
 -35.0	21.5
 -34.0	13.5
 -33.0	19.5
 -32.0	22.1667
 -31.0	24.75
 -30.0	31.8333
 -29.0	18.7
 -28.0	24.5
 -27.0	20.8333
 -26.0	16.25
 -25.0	31
 -24.0	35.8333
 -23.0	28
 -22.0	27.2
 -21.0	22.8333
 -20.0	26.3333
 -19.0	32
 -18.0	24.25
 -17.0	38.25
 -16.0	30.3333
 -15.0	44.5
 -14.0	27.75
 -13.0	41.3333
 -12.0	42.0333
 -11.0	52.5833
 -10.0	44.5
  -9.0	55.5833
  -8.0	52.5
  -7.0	49.7
  -6.0	62.3333
  -5.0	54
  -4.0	56.3333
  -3.0	49.5
  -2.0	62.6667
  -1.0	41.3333
   0.0	42.8333
   1.0	63
   2.0	62.25
   3.0	61.3333
   4.0	55.1167
   5.0	60.1667
   6.0	51.5
   7.0	55.3333
   8.0	50.7
   9.0	51.1667
  10.0	44.3333
  11.0	47.3333
  12.0	41.8333
  13.0	41.5
  14.0	35.3333
  15.0	30.8333
  16.0	33.4167
  17.0	34.3333
  18.0	29.1667
  19.0	32.5
  20.0	34.8333
  21.0	30.25
  22.0	41.7
  23.0	23.5333
  24.0	32
  25.0	25.8333
  26.0	23.3333
  27.0	22.8333
  28.0	27.3333
  29.0	17.95
  30.0	19.3333
  31.0	18.1667
  32.0	24.8333
  33.0	18
  34.0	13.95
  35.0	19.2
  36.0	22.2
  37.0	20.9
  38.0	20.8333
  39.0	20.25
  40.0	12.0833
  41.0	24.3333
  42.0	18
  43.0	13.8333
  44.0	21
  45.0	12.3333
  46.0	10
  47.0	18.5
DB 3 MOTIF	MA0101.1	REL
 -45.0	7
 -44.0	6
 -43.0	12
 -42.0	10.5
 -41.0	10
 -40.0	7
 -39.0	11
 -38.0	18
 -37.0	8
 -36.0	11
 -35.0	13.5
 -34.0	13
 -33.0	11
 -32.0	14
 -31.0	14
 -30.0	17
 -29.0	12
 -28.0	14
 -27.0	9
 -26.0	13
 -25.0	13
 -24.0	10.5
 -23.0	14
 -22.0	15
 -21.0	12
 -20.0	14
 -19.0	17
 -18.0	10
 -17.0	15
 -16.0	12
 -15.0	13
 -14.0	21.5
 -13.0	12
 -12.0	8.5
 -11.0	17
 -10.0	20
  -9.0	13
  -8.0	19
  -7.0	22
  -6.0	22
  -5.0	22
  -4.0	14
  -3.0	17.5
  -2.0	12
  -1.0	21
   0.0	14.5
   1.0	17.5
   2.0	14
   3.0	23
   4.0	20.5
   5.0	14
   6.0	16
   7.0	13
   8.0	17
   9.0	17
  10.0	7
  11.0	17
  12.0	15
  13.0	11
  14.0	20
  15.0	14
  16.0	19.5
  17.0	16
  18.0	23.5
  19.0	20.5
  20.0	11
  21.0	12
  22.0	14
  23.0	14
  24.0	11
  25.0	16
  26.0	14.5
  27.0	15
  28.0	8.5
  29.0	11
  30.0	13
  31.0	5
  32.0	13
  33.0	13
  34.0	13
  35.0	13
  36.0	9
  37.0	8.5
  38.0	8
  39.0	11
  40.0	9
  41.0	10.5
  42.0	14
  43.0	14
  44.0	9
  45.0	15
DB 3 MOTIF	MA0107.1	RELA
 -45.0	2
 -44.0	2
 -43.0	3
 -42.0	5
 -41.0	3
 -40.0	5
 -39.0	6
 -38.0	4
 -37.0	3
 -36.0	4
 -35.0	5
 -34.0	1
 -33.0	6
 -32.0	7
 -31.0	4
 -30.0	5
 -29.0	5
 -28.0	5
 -27.0	2
 -26.0	2
 -25.0	2
 -24.0	2
 -23.0	4
 -22.0	2
 -21.0	5
 -20.0	3
 -19.0	5
 -18.0	3
 -17.0	2
 -16.0	5
 -15.0	3
 -14.0	5
 -13.0	7.5
 -12.0	5
 -11.0	9
 -10.0	11
  -9.0	3
  -8.0	3
  -7.0	8
  -6.0	10
  -5.0	6
  -4.0	7
  -3.0	9
  -2.0	4
  -1.0	9
   0.0	4.5
   1.0	11.5
   2.0	6
   3.0	7
   4.0	10
   5.0	5
   6.0	10.5
   7.0	6
   8.0	7
   9.0	6
  10.0	6
  11.0	8
  12.0	5
  13.0	3
  14.0	7
  15.0	6
  16.0	5
  17.0	4
  18.0	13
  19.0	6
  20.0	5
  21.0	10
  22.0	7
  23.0	1
  24.0	5
  25.0	4
  26.0	1
  27.0	5
  28.0	2
  29.0	6
  30.0	2
  31.0	5
  32.0	6
  33.0	4
  34.0	3
  35.0	2
  36.0	6
  37.0	4
  38.0	1
  39.0	4
  40.0	4
  41.0	5
  42.0	1
  43.0	5
  44.0	1
  45.0	2
DB 3 MOTIF	MA0116.1	Znf423
 -42.5	1
 -41.5	0
 -40.5	1
 -39.5	1
 -38.5	3
 -37.5	1
 -36.5	4
 -35.5	2
 -34.5	1
 -33.5	2
 -32.5	0
 -31.5	0
 -30.5	1
 -29.5	0
 -28.5	1
 -27.5	1
 -26.5	1
 -25.5	1
 -24.5	1
 -23.5	0
 -22.5	2
 -21.5	0
 -20.5	0
 -19.5	1
 -18.5	5.33333
 -17.5	0
 -16.5	1
 -15.5	1
 -14.5	2
 -13.5	4
 -12.5	3
 -11.5	1
 -10.5	2
  -9.5	5
  -8.5	2
  -7.5	1
  -6.5	3
  -5.5	1
  -4.5	4
  -3.5	3.33333
  -2.5	2
  -1.5	5
  -0.5	4
   0.5	3
   1.5	5
   2.5	3
   3.5	2
   4.5	3
   5.5	2
   6.5	4
   7.5	3
   8.5	4
   9.5	3
  10.5	3
  11.5	3.33333
  12.5	2
  13.5	1
  14.5	7
  15.5	1
  16.5	2
  17.5	2
  18.5	0
  19.5	1
  20.5	1
  21.5	3
  22.5	1
  23.5	5
  24.5	0
  25.5	3
  26.5	2
  27.5	1
  28.5	2
  29.5	4
  30.5	1
  31.5	0
  32.5	0
  33.5	1
  34.5	1
  35.5	1
  36.5	0
  37.5	3
  38.5	2
  39.5	1
  40.5	3
  41.5	1
  42.5	2
DB 3 MOTIF	MA0163.1	PLAG1
 -43.0	8
 -42.0	1
 -41.0	1
 -40.0	1
 -39.0	4
 -38.0	7
 -37.0	1
 -36.0	1
 -35.0	1
 -34.0	1
 -33.0	1
 -32.0	1
 -31.0	5
 -30.0	4
 -29.0	4
 -28.0	5
 -27.0	3
 -26.0	3
 -25.0	2
 -24.0	3
 -23.0	4
 -22.0	3
 -21.0	4
 -20.0	6
 -19.0	1
 -18.0	5
 -17.0	2
 -16.0	1
 -15.0	2
 -14.0	6
 -13.0	5
 -12.0	5
 -11.0	5
 -10.0	8
  -9.0	8
  -8.0	5
  -7.0	5
  -6.0	3
  -5.0	6
  -4.0	6
  -3.0	4
  -2.0	7
  -1.0	11
   0.0	7
   1.0	7
   2.0	6
   3.0	4
   4.0	15
   5.0	6
   6.0	6
   7.0	5
   8.0	5
   9.0	6
  10.0	2
  11.0	5
  12.0	7
  13.0	6
  14.0	6
  15.0	5
  16.0	6
  17.0	4
  18.0	2
  19.0	2
  20.0	5
  21.0	3
  22.0	3
  23.0	4
  24.0	3
  25.0	4
  26.0	2
  27.0	4
  28.0	1
  29.0	3
  30.0	2
  31.0	2
  32.0	3
  33.0	2
  34.0	2
  35.0	3
  36.0	2
  37.0	3
  38.0	4
  39.0	4
  40.0	1
  41.0	7.5
  42.0	3.5
  43.0	1
DB 3 MOTIF	MA0519.1	Stat5a::Stat5b
 -44.5	11
 -43.5	8
 -42.5	8
 -41.5	4
 -40.5	10
 -39.5	10
 -38.5	5
 -37.5	14
 -36.5	7
 -35.5	17.5
 -34.5	7
 -33.5	9.33333
 -32.5	6
 -31.5	13
 -30.5	9.5
 -29.5	10.5
 -28.5	7
 -27.5	8
 -26.5	10
 -25.5	8
 -24.5	7
 -23.5	8
 -22.5	4
 -21.5	14
 -20.5	11
 -19.5	11.3333
 -18.5	10
 -17.5	6
 -16.5	13.5
 -15.5	11
 -14.5	11.5
 -13.5	15
 -12.5	11.5
 -11.5	19
 -10.5	19
  -9.5	14
  -8.5	18
  -7.5	15
  -6.5	18
  -5.5	16
  -4.5	22
  -3.5	16
  -2.5	17
  -1.5	22
  -0.5	21
   0.5	17
   1.5	25
   2.5	21
   3.5	21
   4.5	21
   5.5	23
   6.5	20
   7.5	22
   8.5	19
   9.5	26.5
  10.5	22
  11.5	19
  12.5	18
  13.5	10
  14.5	10
  15.5	18
  16.5	14
  17.5	11
  18.5	13
  19.5	15
  20.5	6
  21.5	8
  22.5	9
  23.5	9
  24.5	12
  25.5	11
  26.5	14
  27.5	13
  28.5	16
  29.5	7.5
  30.5	11
  31.5	15
  32.5	9
  33.5	3
  34.5	8
  35.5	11
  36.5	6.33333
  37.5	8
  38.5	4
  39.5	3
  40.5	9
  41.5	7
  42.5	11.5
  43.5	10.5
  44.5	17
DB 3 MOTIF	MA0509.1	Rfx1
 -43.0	2.5
 -42.0	11
 -41.0	2
 -40.0	4
 -39.0	9
 -38.0	3
 -37.0	11
 -36.0	6
 -35.0	5
 -34.0	5
 -33.0	9
 -32.0	8
 -31.0	5
 -30.0	4
 -29.0	3
 -28.0	3
 -27.0	5
 -26.0	6.5
 -25.0	4
 -24.0	11
 -23.0	3
 -22.0	8
 -21.0	10
 -20.0	6
 -19.0	5
 -18.0	4.33333
 -17.0	8
 -16.0	6
 -15.0	13
 -14.0	5
 -13.0	6
 -12.0	6
 -11.0	7
 -10.0	6
  -9.0	14
  -8.0	10
  -7.0	10
  -6.0	8
  -5.0	7
  -4.0	9
  -3.0	8.33333
  -2.0	15
  -1.0	7
   0.0	11
   1.0	4
   2.0	9
   3.0	8
   4.0	8
   5.0	16
   6.0	9
   7.0	9
   8.0	14
   9.0	9
  10.0	9
  11.0	12
  12.0	6.33333
  13.0	4
  14.0	10
  15.0	9
  16.0	2
  17.0	4
  18.0	7
  19.0	10
  20.0	4
  21.0	8
  22.0	6
  23.0	2
  24.0	6
  25.0	7
  26.0	5
  27.0	5
  28.0	3
  29.0	2
  30.0	13
  31.0	8
  32.0	5
  33.0	8
  34.0	4
  35.0	7
  36.0	11
  37.0	3
  38.0	4
  39.0	11
  40.0	3
  41.0	2
  42.0	3
  43.0	8
DB 3 MOTIF	MA0463.1	Bcl6
 -43.0	7
 -42.0	9
 -41.0	8
 -40.0	7
 -39.0	8
 -38.0	12
 -37.0	11
 -36.0	4.5
 -35.0	13
 -34.0	13
 -33.0	12
 -32.0	6
 -31.0	14.5
 -30.0	12
 -29.0	9
 -28.0	1
 -27.0	7
 -26.0	10
 -25.0	8
 -24.0	3
 -23.0	11
 -22.0	13
 -21.0	16
 -20.0	8
 -19.0	13
 -18.0	16
 -17.0	10
 -16.0	8
 -15.0	3
 -14.0	14
 -13.0	13
 -12.0	10
 -11.0	16
 -10.0	16
  -9.0	12
  -8.0	13
  -7.0	13
  -6.0	5
  -5.0	13
  -4.0	14
  -3.0	11
  -2.0	17
  -1.0	17
   0.0	9
   1.0	18
   2.0	11
   3.0	13
   4.0	19
   5.0	12
   6.0	16
   7.0	15
   8.0	23
   9.0	15
  10.0	20
  11.0	7
  12.0	10
  13.0	10
  14.0	5
  15.0	8
  16.0	8
  17.0	9
  18.0	9.5
  19.0	11
  20.0	9
  21.0	6.5
  22.0	7
  23.0	7
  24.0	8
  25.0	4
  26.0	11
  27.0	5
  28.0	9
  29.0	12
  30.0	3
  31.0	9
  32.0	6
  33.0	11
  34.0	16
  35.0	11
  36.0	7
  37.0	7
  38.0	6
  39.0	6
  40.0	8
  41.0	9
  42.0	7
  43.0	9
DB 3 MOTIF	MA0527.1	ZBTB33
 -42.5	2
 -41.5	0
 -40.5	6
 -39.5	2
 -38.5	4
 -37.5	2
 -36.5	2
 -35.5	1
 -34.5	1
 -33.5	1
 -32.5	5
 -31.5	1
 -30.5	2
 -29.5	1
 -28.5	4
 -27.5	3
 -26.5	5
 -25.5	4
 -24.5	0
 -23.5	5
 -22.5	3
 -21.5	1
 -20.5	1
 -19.5	5
 -18.5	4
 -17.5	3
 -16.5	4
 -15.5	2
 -14.5	2
 -13.5	0
 -12.5	2
 -11.5	1
 -10.5	8
  -9.5	3
  -8.5	3
  -7.5	3
  -6.5	5
  -5.5	6
  -4.5	4
  -3.5	9
  -2.5	5
  -1.5	7
  -0.5	6
   0.5	3
   1.5	7
   2.5	5
   3.5	4
   4.5	4.5
   5.5	5
   6.5	5
   7.5	4.5
   8.5	6
   9.5	2
  10.5	3
  11.5	1
  12.5	6
  13.5	1
  14.5	5
  15.5	3
  16.5	5
  17.5	5
  18.5	1
  19.5	5
  20.5	4
  21.5	3
  22.5	2
  23.5	2
  24.5	3
  25.5	2
  26.5	3
  27.5	2
  28.5	1
  29.5	5
  30.5	1
  31.5	3
  32.5	0
  33.5	3
  34.5	2
  35.5	1
  36.5	2
  37.5	1
  38.5	1
  39.5	2
  40.5	2
  41.5	2
  42.5	2
DB 3 MOTIF	MA0154.3	EBF1
 -43.0	8
 -42.0	8.5
 -41.0	8
 -40.0	7.5
 -39.0	8
 -38.0	11
 -37.0	12.5
 -36.0	11.25
 -35.0	12.5
 -34.0	19
 -33.0	13.5
 -32.0	17
 -31.0	12
 -30.0	18.5
 -29.0	15.3333
 -28.0	9
 -27.0	20
 -26.0	19
 -25.0	17
 -24.0	15
 -23.0	27.5
 -22.0	34
 -21.0	20
 -20.0	22.5
 -19.0	23.3333
 -18.0	23
 -17.0	30
 -16.0	30
 -15.0	34
 -14.0	56.8333
 -13.0	49.5
 -12.0	44.25
 -11.0	51.5
 -10.0	63
  -9.0	77.5
  -8.0	70
  -7.0	75
  -6.0	66
  -5.0	77
  -4.0	74.3333
  -3.0	68
  -2.0	75.5
  -1.0	73.5
   0.0	72.3333
   1.0	69.3333
   2.0	70
   3.0	88
   4.0	76
   5.0	81
   6.0	60
   7.0	94
   8.0	78
   9.0	81
  10.0	61.5
  11.0	71.8333
  12.0	60.25
  13.0	57
  14.0	43
  15.0	34.5
  16.0	31
  17.0	33
  18.0	34.5
  19.0	45.3333
  20.0	26
  21.0	33.5
  22.0	27
  23.0	21
  24.0	34
  25.0	24
  26.0	22
  27.0	16
  28.0	15
  29.0	16
  30.0	28.5
  31.0	11
  32.0	9
  33.0	11
  34.0	13
  35.0	10
  36.0	9.25
  37.0	11
  38.0	13.3333
  39.0	8
  40.0	11
  41.0	7
  42.0	8
  43.0	7
DB 3 MOTIF	MA0131.2	HINFP
 -44.0	3
 -43.0	6
 -42.0	5
 -41.0	5
 -40.0	2
 -39.0	2
 -38.0	6
 -37.0	6
 -36.0	2
 -35.0	3
 -34.0	4
 -33.0	6
 -32.0	5
 -31.0	9
 -30.0	9
 -29.0	4
 -28.0	2
 -27.0	4
 -26.0	5
 -25.0	4
 -24.0	4
 -23.0	6
 -22.0	4
 -21.0	7
 -20.0	2
 -19.0	5
 -18.0	6
 -17.0	3
 -16.0	4
 -15.0	5
 -14.0	9
 -13.0	5
 -12.0	12
 -11.0	6
 -10.0	5
  -9.0	10
  -8.0	12
  -7.0	8
  -6.0	10
  -5.0	8
  -4.0	14
  -3.0	5
  -2.0	14
  -1.0	10
   0.0	14
   1.0	9
   2.0	11
   3.0	11
   4.0	7
   5.0	9
   6.0	12
   7.0	9
   8.0	8
   9.0	7
  10.0	7
  11.0	8
  12.0	7
  13.0	7
  14.0	9.5
  15.0	11
  16.0	5
  17.0	5
  18.0	10
  19.0	3
  20.0	12
  21.0	7
  22.0	5
  23.0	1
  24.0	11
  25.0	5
  26.0	5
  27.0	7
  28.0	3
  29.0	4
  30.0	8
  31.0	3
  32.0	1
  33.0	3
  34.0	1
  35.0	2
  36.0	6
  37.0	5
  38.0	3
  39.0	0
  40.0	3.5
  41.0	6
  42.0	3
  43.0	10
  44.0	8
DB 3 MOTIF	MA0736.1	GLIS2
 -43.0	1
 -42.0	3
 -41.0	4
 -40.0	3
 -39.0	2
 -38.0	0
 -37.0	1
 -36.0	1
 -35.0	1
 -34.0	3
 -33.0	0
 -32.0	2
 -31.0	1
 -30.0	2
 -29.0	1
 -28.0	0
 -27.0	0
 -26.0	5
 -25.0	2
 -24.0	2
 -23.0	7
 -22.0	5
 -21.0	2
 -20.0	2
 -19.0	1
 -18.0	2
 -17.0	2
 -16.0	3
 -15.0	2
 -14.0	3
 -13.0	1
 -12.0	4
 -11.0	1
 -10.0	2
  -9.0	4
  -8.0	2
  -7.0	1
  -6.0	4
  -5.0	8
  -4.0	1
  -3.0	2
  -2.0	2
  -1.0	1
   0.0	1
   1.0	0
   2.0	6
   3.0	2
   4.0	3
   5.0	0
   6.0	5
   7.0	7
   8.0	5
   9.0	4
  10.0	3
  11.0	1
  12.0	2
  13.0	0
  14.0	1
  15.0	5
  16.0	4
  17.0	2
  18.0	0
  19.0	2
  20.0	2
  21.0	2
  22.0	5
  23.0	4
  24.0	1
  25.0	4
  26.0	1
  27.0	1
  28.0	2
  29.0	0
  30.0	2
  31.0	0
  32.0	2
  33.0	2
  34.0	1
  35.0	1
  36.0	0
  37.0	0
  38.0	2
  39.0	1
  40.0	2
  41.0	0
  42.0	0
  43.0	3
DB 3 MOTIF	MA0738.1	HIC2
 -45.5	12
 -44.5	28.5
 -43.5	17
 -42.5	19
 -41.5	17
 -40.5	17
 -39.5	21.5
 -38.5	22
 -37.5	19.5
 -36.5	28
 -35.5	27
 -34.5	21.5
 -33.5	24
 -32.5	31
 -31.5	29.5
 -30.5	20
 -29.5	22
 -28.5	15.3333
 -27.5	20
 -26.5	24
 -25.5	20
 -24.5	28.5
 -23.5	32.5
 -22.5	15
 -21.5	22
 -20.5	21.3333
 -19.5	21.5
 -18.5	18.5
 -17.5	28.5
 -16.5	24.5
 -15.5	24
 -14.5	27.5
 -13.5	16
 -12.5	27.5
 -11.5	13.5
 -10.5	30
  -9.5	26
  -8.5	25
  -7.5	30.5
  -6.5	31
  -5.5	28.8333
  -4.5	24
  -3.5	29
  -2.5	35
  -1.5	26
  -0.5	32
   0.5	33
   1.5	30.5
   2.5	27
   3.5	38
   4.5	32
   5.5	29.8333
   6.5	20
   7.5	25
   8.5	23.5
   9.5	31.3333
  10.5	22
  11.5	33
  12.5	21.5
  13.5	25.5
  14.5	28
  15.5	25
  16.5	28
  17.5	21
  18.5	23.5
  19.5	23.5
  20.5	27
  21.5	28
  22.5	30.8333
  23.5	23
  24.5	27
  25.5	19
  26.5	17.5
  27.5	20
  28.5	20
  29.5	18
  30.5	19
  31.5	21
  32.5	22
  33.5	26
  34.5	23
  35.5	26
  36.5	25
  37.5	26.5
  38.5	24
  39.5	20
  40.5	20
  41.5	22
  42.5	25.5
  43.5	19
  44.5	22
  45.5	23.5
DB 3 MOTIF	MA0105.4	NFKB1
 -43.5	0
 -42.5	1
 -41.5	1
 -40.5	0
 -39.5	0
 -38.5	0
 -37.5	1
 -36.5	0
 -35.5	0
 -34.5	0
 -33.5	0
 -32.5	0
 -31.5	3
 -30.5	0
 -29.5	0
 -28.5	2
 -27.5	1
 -26.5	0
 -25.5	0
 -24.5	0
 -23.5	1
 -22.5	1
 -21.5	0
 -20.5	1
 -19.5	2
 -18.5	0
 -17.5	2
 -16.5	1
 -15.5	0
 -14.5	0
 -13.5	3
 -12.5	1
 -11.5	0
 -10.5	1
  -9.5	0
  -8.5	1
  -7.5	1
  -6.5	0
  -5.5	2
  -4.5	1
  -3.5	1
  -2.5	1
  -1.5	0
  -0.5	1
   0.5	1
   1.5	2
   2.5	0
   3.5	3
   4.5	0
   5.5	1.5
   6.5	0.5
   7.5	1
   8.5	0
   9.5	1
  10.5	1
  11.5	0
  12.5	2
  13.5	0
  14.5	3
  15.5	2
  16.5	1
  17.5	2
  18.5	3
  19.5	1
  20.5	1
  21.5	0
  22.5	1
  23.5	1
  24.5	1
  25.5	0
  26.5	0
  27.5	2
  28.5	0
  29.5	3
  30.5	1
  31.5	1
  32.5	1
  33.5	0
  34.5	0
  35.5	1
  36.5	0
  37.5	0
  38.5	0
  39.5	0
  40.5	0
  41.5	1
  42.5	0
  43.5	0
DB 3 MOTIF	MA0810.1	TFAP2A(var.2)
 -44.0	4.25
 -43.0	12
 -42.0	10
 -41.0	14
 -40.0	11.5
 -39.0	8
 -38.0	8
 -37.0	10.5
 -36.0	10
 -35.0	21.25
 -34.0	8.5
 -33.0	5
 -32.0	12
 -31.0	17
 -30.0	12
 -29.0	18.25
 -28.0	9.5
 -27.0	13
 -26.0	8
 -25.0	9
 -24.0	9
 -23.0	22
 -22.0	15
 -21.0	21
 -20.0	15
 -19.0	20
 -18.0	19
 -17.0	14
 -16.0	22
 -15.0	26.5
 -14.0	22.75
 -13.0	16
 -12.0	19
 -11.0	28.25
 -10.0	22
  -9.0	21
  -8.0	26
  -7.0	32
  -6.0	27
  -5.0	26
  -4.0	27
  -3.0	21
  -2.0	26
  -1.0	30
   0.0	23
   1.0	27.25
   2.0	23
   3.0	28
   4.0	23
   5.0	29
   6.0	33
   7.0	21
   8.0	33
   9.0	30
  10.0	28
  11.0	24
  12.0	25.5
  13.0	19.25
  14.0	29
  15.0	26
  16.0	7
  17.0	23
  18.0	14
  19.0	15
  20.0	19
  21.0	18.5
  22.0	14
  23.0	25
  24.0	17
  25.0	19
  26.0	13
  27.0	16
  28.0	11
  29.0	20
  30.0	23
  31.0	15
  32.0	11.5
  33.0	17
  34.0	21
  35.0	15
  36.0	15
  37.0	9.25
  38.0	11
  39.0	8.5
  40.0	9
  41.0	5
  42.0	7
  43.0	11
  44.0	5
DB 3 MOTIF	MA0003.3	TFAP2A
 -44.5	9
 -43.5	7.25
 -42.5	12
 -41.5	14
 -40.5	10
 -39.5	11.5
 -38.5	10
 -37.5	12.5
 -36.5	13
 -35.5	19
 -34.5	14
 -33.5	11
 -32.5	7
 -31.5	13
 -30.5	12
 -29.5	19
 -28.5	11.25
 -27.5	12
 -26.5	9
 -25.5	13
 -24.5	16
 -23.5	8.5
 -22.5	8.5
 -21.5	20
 -20.5	8
 -19.5	18
 -18.5	13
 -17.5	15
 -16.5	13
 -15.5	20
 -14.5	18
 -13.5	13.25
 -12.5	16
 -11.5	9
 -10.5	22
  -9.5	12
  -8.5	23.5
  -7.5	10.5
  -6.5	25
  -5.5	19
  -4.5	17
  -3.5	23
  -2.5	18
  -1.5	19
  -0.5	17
   0.5	19
   1.5	26.25
   2.5	18
   3.5	16
   4.5	17
   5.5	19
   6.5	12
   7.5	24
   8.5	26
   9.5	20.5
  10.5	17
  11.5	18
  12.5	17
  13.5	16.5
  14.5	20
  15.5	9
  16.5	10
  17.5	15
  18.5	5
  19.5	19
  20.5	13.5
  21.5	10
  22.5	19
  23.5	16
  24.5	7
  25.5	13
  26.5	7
  27.5	14
  28.5	8
  29.5	17
  30.5	21
  31.5	6
  32.5	16
  33.5	13
  34.5	16
  35.5	13
  36.5	7
  37.5	11
  38.5	14
  39.5	7
  40.5	10
  41.5	7
  42.5	11
  43.5	10
  44.5	7.5
DB 3 MOTIF	MA0811.1	TFAP2B
 -44.0	9.25
 -43.0	10
 -42.0	9
 -41.0	13
 -40.0	10.5
 -39.0	7
 -38.0	8
 -37.0	10.5
 -36.0	15
 -35.0	22.75
 -34.0	9.5
 -33.0	6
 -32.0	7.5
 -31.0	14.5
 -30.0	16
 -29.0	17.25
 -28.0	9.5
 -27.0	13
 -26.0	6
 -25.0	11
 -24.0	8
 -23.0	16
 -22.0	15.5
 -21.0	24
 -20.0	20
 -19.0	19
 -18.0	17
 -17.0	21
 -16.0	24
 -15.0	25.5
 -14.0	26.25
 -13.0	20
 -12.0	24
 -11.0	29.25
 -10.0	26
  -9.0	25
  -8.0	33
  -7.0	35
  -6.0	33
  -5.0	35
  -4.0	32
  -3.0	30
  -2.0	29
  -1.0	36
   0.0	24.5
   1.0	32.25
   2.0	25
   3.0	32
   4.0	30.5
   5.0	37.5
   6.0	34
   7.0	35
   8.0	40
   9.0	32
  10.0	33
  11.0	33
  12.0	29.5
  13.0	24.25
  14.0	28
  15.0	30
  16.0	13
  17.0	24
  18.0	17.5
  19.0	17
  20.0	20
  21.0	21.5
  22.0	14
  23.0	27
  24.0	16
  25.0	19
  26.0	15
  27.0	17
  28.0	14
  29.0	19
  30.0	20
  31.0	14
  32.0	8.5
  33.0	16
  34.0	18
  35.0	19
  36.0	16
  37.0	9.25
  38.0	17
  39.0	8
  40.0	13
  41.0	6
  42.0	5
  43.0	11
  44.0	6
DB 3 MOTIF	MA0812.1	TFAP2B(var.2)
 -44.5	5
 -43.5	1.25
 -42.5	8
 -41.5	11
 -40.5	10
 -39.5	9.5
 -38.5	6
 -37.5	10.5
 -36.5	7
 -35.5	11.5
 -34.5	9.5
 -33.5	4
 -32.5	6
 -31.5	6
 -30.5	9
 -29.5	9
 -28.5	4.25
 -27.5	8
 -26.5	7
 -25.5	4
 -24.5	9
 -23.5	5
 -22.5	7
 -21.5	16
 -20.5	5
 -19.5	15
 -18.5	9
 -17.5	4
 -16.5	12
 -15.5	15.5
 -14.5	11
 -13.5	10.25
 -12.5	13.5
 -11.5	7
 -10.5	15
  -9.5	7
  -8.5	18
  -7.5	8
  -6.5	20
  -5.5	10
  -4.5	14
  -3.5	15
  -2.5	9
  -1.5	17
  -0.5	9
   0.5	14
   1.5	18.25
   2.5	12
   3.5	14
   4.5	11
   5.5	11
   6.5	10
   7.5	17
   8.5	21
   9.5	16.5
  10.5	12
  11.5	13
  12.5	9.5
  13.5	11
  14.5	16
  15.5	5
  16.5	7
  17.5	10.5
  18.5	5
  19.5	13
  20.5	8.5
  21.5	4
  22.5	13
  23.5	8
  24.5	7
  25.5	7
  26.5	3
  27.5	9
  28.5	4
  29.5	11
  30.5	13
  31.5	6
  32.5	6
  33.5	7
  34.5	12
  35.5	9.5
  36.5	4
  37.5	7
  38.5	9
  39.5	6
  40.5	10
  41.5	5
  42.5	9
  43.5	7
  44.5	4.5
DB 3 MOTIF	MA0813.1	TFAP2B(var.3)
 -43.5	3
 -42.5	2
 -41.5	2
 -40.5	1
 -39.5	4
 -38.5	3
 -37.5	5
 -36.5	3
 -35.5	4
 -34.5	3
 -33.5	2
 -32.5	6
 -31.5	3
 -30.5	3
 -29.5	3
 -28.5	4
 -27.5	4
 -26.5	0
 -25.5	1
 -24.5	2
 -23.5	4
 -22.5	7
 -21.5	3
 -20.5	7
 -19.5	1
 -18.5	5
 -17.5	4
 -16.5	1
 -15.5	2
 -14.5	4
 -13.5	4
 -12.5	3
 -11.5	2
 -10.5	6
  -9.5	3
  -8.5	2
  -7.5	6
  -6.5	3
  -5.5	4
  -4.5	5.5
  -3.5	6.5
  -2.5	6
  -1.5	7
  -0.5	4
   0.5	2
   1.5	6
   2.5	3
   3.5	3
   4.5	2.5
   5.5	7.5
   6.5	8
   7.5	7
   8.5	5
   9.5	6
  10.5	8
  11.5	5
  12.5	4
  13.5	6
  14.5	4
  15.5	6
  16.5	4
  17.5	4
  18.5	3
  19.5	3
  20.5	7
  21.5	4
  22.5	6
  23.5	1
  24.5	10
  25.5	2
  26.5	0
  27.5	0
  28.5	4
  29.5	2
  30.5	8
  31.5	1
  32.5	4
  33.5	3
  34.5	5
  35.5	1
  36.5	3
  37.5	4
  38.5	5
  39.5	0
  40.5	4
  41.5	1
  42.5	3
  43.5	4
DB 3 MOTIF	MA0524.2	TFAP2C
 -44.0	9.25
 -43.0	11.5
 -42.0	10
 -41.0	13
 -40.0	12.5
 -39.0	7
 -38.0	7
 -37.0	11.5
 -36.0	14
 -35.0	21.75
 -34.0	10.5
 -33.0	9
 -32.0	8
 -31.0	16
 -30.0	15.5
 -29.0	19.25
 -28.0	10.5
 -27.0	13
 -26.0	9
 -25.0	9
 -24.0	8
 -23.0	19
 -22.0	14.5
 -21.0	24
 -20.0	21.3333
 -19.0	23
 -18.0	21
 -17.0	23
 -16.0	28
 -15.0	26.5
 -14.0	31.25
 -13.0	24.5
 -12.0	24
 -11.0	33.25
 -10.0	27
  -9.0	28
  -8.0	34
  -7.0	38
  -6.0	37
  -5.0	40.3333
  -4.0	36
  -3.0	34
  -2.0	34
  -1.0	40.5
   0.0	31.5
   1.0	32.75
   2.0	30
   3.0	37.5
   4.0	37
   5.0	43
   6.0	40
   7.0	40
   8.0	46
   9.0	40
  10.0	39.3333
  11.0	38
  12.0	35.5
  13.0	24.25
  14.0	35
  15.0	31
  16.0	14
  17.0	25
  18.0	18.5
  19.0	20
  20.0	19
  21.0	21.5
  22.0	15
  23.0	27
  24.0	18
  25.0	21
  26.0	15
  27.0	16
  28.0	19
  29.0	20
  30.0	19
  31.0	18
  32.0	9.5
  33.0	16
  34.0	18
  35.0	20
  36.0	16
  37.0	9.25
  38.0	17
  39.0	10
  40.0	15
  41.0	7
  42.0	5
  43.0	10
  44.0	5
DB 3 MOTIF	MA0814.1	TFAP2C(var.2)
 -44.5	7
 -43.5	4.25
 -42.5	13
 -41.5	13
 -40.5	10
 -39.5	10.5
 -38.5	9
 -37.5	12.5
 -36.5	11
 -35.5	15
 -34.5	10
 -33.5	8
 -32.5	7
 -31.5	11
 -30.5	9
 -29.5	13
 -28.5	11.25
 -27.5	11
 -26.5	9
 -25.5	9
 -24.5	12
 -23.5	7
 -22.5	8
 -21.5	17
 -20.5	5
 -19.5	16
 -18.5	12
 -17.5	8
 -16.5	15
 -15.5	16
 -14.5	12
 -13.5	11.25
 -12.5	14.5
 -11.5	7
 -10.5	18
  -9.5	9
  -8.5	16
  -7.5	9
  -6.5	24
  -5.5	12
  -4.5	13
  -3.5	19
  -2.5	16
  -1.5	19
  -0.5	13
   0.5	15
   1.5	19.25
   2.5	14
   3.5	15
   4.5	13
   5.5	16
   6.5	12
   7.5	19
   8.5	23
   9.5	17.5
  10.5	15
  11.5	13
  12.5	12.5
  13.5	12
  14.5	20
  15.5	7
  16.5	7
  17.5	11
  18.5	5
  19.5	16
  20.5	12.5
  21.5	7
  22.5	17
  23.5	9
  24.5	8
  25.5	11
  26.5	6
  27.5	13
  28.5	9
  29.5	14
  30.5	17
  31.5	11
  32.5	11
  33.5	9
  34.5	13
  35.5	11.5
  36.5	9
  37.5	10
  38.5	15
  39.5	7
  40.5	13
  41.5	6
  42.5	14
  43.5	7
  44.5	7.5
DB 3 MOTIF	MA0815.1	TFAP2C(var.3)
 -43.5	3
 -42.5	2
 -41.5	2
 -40.5	1
 -39.5	4
 -38.5	3
 -37.5	4
 -36.5	3
 -35.5	3
 -34.5	3
 -33.5	2
 -32.5	5
 -31.5	3
 -30.5	4
 -29.5	1
 -28.5	4
 -27.5	3
 -26.5	0
 -25.5	2
 -24.5	2
 -23.5	4
 -22.5	7
 -21.5	3
 -20.5	6
 -19.5	1
 -18.5	5
 -17.5	4
 -16.5	1
 -15.5	2
 -14.5	4
 -13.5	4
 -12.5	3
 -11.5	2
 -10.5	6
  -9.5	3
  -8.5	2
  -7.5	5
  -6.5	4
  -5.5	4
  -4.5	5
  -3.5	5
  -2.5	6
  -1.5	6
  -0.5	4
   0.5	2
   1.5	5
   2.5	3
   3.5	3
   4.5	2.5
   5.5	7.5
   6.5	8
   7.5	7
   8.5	5
   9.5	6
  10.5	8
  11.5	5
  12.5	4
  13.5	6
  14.5	4
  15.5	6
  16.5	3
  17.5	4
  18.5	3
  19.5	2
  20.5	7
  21.5	3
  22.5	6
  23.5	1
  24.5	10
  25.5	2
  26.5	0
  27.5	0
  28.5	4
  29.5	2
  30.5	8
  31.5	2
  32.5	3
  33.5	3
  34.5	5
  35.5	1
  36.5	2
  37.5	4
  38.5	5
  39.5	0
  40.5	4
  41.5	1
  42.5	2
  43.5	3
DB 3 MOTIF	MA0872.1	TFAP2A(var.3)
 -43.5	3
 -42.5	2
 -41.5	3
 -40.5	1
 -39.5	4
 -38.5	3
 -37.5	7
 -36.5	2
 -35.5	3
 -34.5	2
 -33.5	1
 -32.5	7
 -31.5	3
 -30.5	4
 -29.5	2
 -28.5	5
 -27.5	4
 -26.5	0
 -25.5	2
 -24.5	2
 -23.5	6
 -22.5	7
 -21.5	6
 -20.5	9
 -19.5	2
 -18.5	5
 -17.5	5
 -16.5	2
 -15.5	2
 -14.5	5
 -13.5	5
 -12.5	6
 -11.5	3
 -10.5	7
  -9.5	4
  -8.5	4
  -7.5	7
  -6.5	5
  -5.5	4
  -4.5	8
  -3.5	6
  -2.5	6
  -1.5	6
  -0.5	4
   0.5	4
   1.5	5
   2.5	3
   3.5	3
   4.5	3.5
   5.5	7.5
   6.5	8
   7.5	9
   8.5	6
   9.5	6
  10.5	9
  11.5	5
  12.5	5
  13.5	7
  14.5	5
  15.5	7
  16.5	4
  17.5	4
  18.5	3
  19.5	3
  20.5	7
  21.5	3
  22.5	5
  23.5	2
  24.5	13
  25.5	4
  26.5	0
  27.5	0
  28.5	4
  29.5	4
  30.5	8
  31.5	3
  32.5	3
  33.5	4
  34.5	6
  35.5	2
  36.5	6
  37.5	3
  38.5	5
  39.5	0
  40.5	4
  41.5	2
  42.5	4
  43.5	3
DB 3 MOTIF	MA1102.1	CTCFL
 -43.0	7
 -42.0	6
 -41.0	9.33333
 -40.0	6
 -39.0	9
 -38.0	5
 -37.0	7
 -36.0	9
 -35.0	6
 -34.0	11.5
 -33.0	8
 -32.0	6
 -31.0	15.5
 -30.0	9
 -29.0	6
 -28.0	5
 -27.0	15
 -26.0	13.3333
 -25.0	9
 -24.0	13
 -23.0	10
 -22.0	17
 -21.0	11
 -20.0	12.5
 -19.0	15
 -18.0	12
 -17.0	9
 -16.0	15.3333
 -15.0	19.5
 -14.0	15
 -13.0	18
 -12.0	13.5
 -11.0	20.3333
 -10.0	17
  -9.0	22
  -8.0	9
  -7.0	20
  -6.0	18
  -5.0	19
  -4.0	15
  -3.0	20
  -2.0	26
  -1.0	22.3333
   0.0	23
   1.0	19
   2.0	9
   3.0	15
   4.0	16
   5.0	17
   6.0	23
   7.0	23
   8.0	21
   9.0	15
  10.0	17
  11.0	12
  12.0	17
  13.0	20
  14.0	16.3333
  15.0	14
  16.0	20
  17.0	19
  18.0	11
  19.0	13
  20.0	12
  21.0	20
  22.0	17
  23.0	12
  24.0	15
  25.0	13
  26.0	16
  27.0	12
  28.0	6
  29.0	9
  30.0	7
  31.0	12
  32.0	7
  33.0	14
  34.0	7
  35.0	10
  36.0	12
  37.0	13
  38.0	9
  39.0	6
  40.0	12
  41.0	10
  42.0	5.5
  43.0	6
DB 3 MOTIF	MA1117.1	RELB
 -44.5	15
 -43.5	14
 -42.5	13
 -41.5	9
 -40.5	14.5
 -39.5	9.58333
 -38.5	10.5
 -37.5	15
 -36.5	13.5
 -35.5	8
 -34.5	1
 -33.5	29
 -32.5	13
 -31.5	10
 -30.5	18.5
 -29.5	14
 -28.5	14
 -27.5	14
 -26.5	17
 -25.5	17
 -24.5	13.3333
 -23.5	16
 -22.5	14
 -21.5	17
 -20.5	15
 -19.5	16
 -18.5	22.3333
 -17.5	26.5
 -16.5	15
 -15.5	17.25
 -14.5	16
 -13.5	26
 -12.5	36
 -11.5	22
 -10.5	21
  -9.5	34.3333
  -8.5	20
  -7.5	35
  -6.5	40
  -5.5	35
  -4.5	18
  -3.5	35
  -2.5	24.5
  -1.5	24
  -0.5	35.5
   0.5	33
   1.5	36
   2.5	26
   3.5	41
   4.5	38
   5.5	26
   6.5	27
   7.5	31
   8.5	28.25
   9.5	31
  10.5	27
  11.5	17
  12.5	31
  13.5	18
  14.5	26
  15.5	25.5
  16.5	14
  17.5	34.5
  18.5	24
  19.5	21
  20.5	17
  21.5	25.3333
  22.5	21
  23.5	15.5
  24.5	20
  25.5	17
  26.5	17
  27.5	16
  28.5	19
  29.5	20.5
  30.5	11
  31.5	6
  32.5	9.25
  33.5	15
  34.5	13
  35.5	15
  36.5	12
  37.5	9.5
  38.5	10
  39.5	17
  40.5	16
  41.5	12.3333
  42.5	12
  43.5	9
  44.5	9
DB 4 MOTIF	UP00024_1	Glis2_primary
 -42.0	8
 -41.0	9
 -40.0	10
 -39.0	8
 -38.0	9
 -37.0	4
 -36.0	14
 -35.0	9
 -34.0	7
 -33.0	9
 -32.0	6
 -31.0	13
 -30.0	6
 -29.0	15
 -28.0	12
 -27.0	14
 -26.0	9
 -25.0	11
 -24.0	10
 -23.0	7
 -22.0	13
 -21.0	11
 -20.0	9
 -19.0	9
 -18.0	8
 -17.0	10
 -16.0	9
 -15.0	9
 -14.0	16
 -13.0	13
 -12.0	10
 -11.0	15
 -10.0	8
  -9.0	7
  -8.0	9
  -7.0	8
  -6.0	8
  -5.0	13
  -4.0	9
  -3.0	8
  -2.0	16
  -1.0	15
   0.0	10
   1.0	11
   2.0	8
   3.0	16
   4.0	12
   5.0	15
   6.0	13
   7.0	13
   8.0	11
   9.0	14
  10.0	10
  11.0	13
  12.0	13
  13.0	10
  14.0	11
  15.0	9
  16.0	12
  17.0	16
  18.0	9
  19.0	8
  20.0	11
  21.0	10
  22.0	13
  23.0	7
  24.0	10
  25.0	11
  26.0	4.5
  27.0	11.5
  28.0	11
  29.0	10
  30.0	6
  31.0	7
  32.0	11
  33.0	12
  34.0	9
  35.0	3
  36.0	6
  37.0	10
  38.0	6
  39.0	6
  40.0	6
  41.0	5
  42.0	12
DB 4 MOTIF	UP00088_1	Plagl1_primary
 -42.0	8
 -41.0	6
 -40.0	5
 -39.0	5
 -38.0	6
 -37.0	4
 -36.0	7
 -35.0	7
 -34.0	11
 -33.0	9
 -32.0	6
 -31.0	7
 -30.0	4
 -29.0	6
 -28.0	7
 -27.0	6
 -26.0	8
 -25.0	11
 -24.0	6
 -23.0	6
 -22.0	8
 -21.0	6
 -20.0	8
 -19.0	4
 -18.0	5
 -17.0	6
 -16.0	8
 -15.0	12
 -14.0	9
 -13.0	10
 -12.0	4
 -11.0	8
 -10.0	6
  -9.0	8
  -8.0	3
  -7.0	13
  -6.0	10
  -5.0	9
  -4.0	10
  -3.0	11.5
  -2.0	23.5
  -1.0	14
   0.0	9
   1.0	10
   2.0	17
   3.0	13
   4.0	11
   5.0	6
   6.0	8
   7.0	14
   8.0	8
   9.0	7
  10.0	9
  11.0	4
  12.0	13
  13.0	4
  14.0	11.3333
  15.0	7.66667
  16.0	8
  17.0	11
  18.0	15
  19.0	7
  20.0	6
  21.0	8
  22.0	10
  23.0	2
  24.0	7
  25.0	10
  26.0	9
  27.0	6
  28.0	9
  29.0	3
  30.0	8
  31.0	6
  32.0	6
  33.0	7
  34.0	8
  35.0	8
  36.0	5
  37.0	6
  38.0	5
  39.0	6
  40.0	9
  41.0	3
  42.0	8
DB 4 MOTIF	UP00005_1	Tcfap2a_primary
 -42.5	8
 -41.5	16
 -40.5	11
 -39.5	11.5
 -38.5	12
 -37.5	14.5
 -36.5	15
 -35.5	20.75
 -34.5	14.5
 -33.5	7
 -32.5	12
 -31.5	15
 -30.5	13.5
 -29.5	17
 -28.5	14.5
 -27.5	14
 -26.5	12
 -25.5	14
 -24.5	16
 -23.5	15
 -22.5	26
 -21.5	19
 -20.5	17
 -19.5	22
 -18.5	21
 -17.5	16
 -16.5	27
 -15.5	24
 -14.5	39
 -13.5	25
 -12.5	23
 -11.5	34.25
 -10.5	38
  -9.5	34
  -8.5	33.5
  -7.5	39
  -6.5	49
  -5.5	43.5
  -4.5	42.5
  -3.5	43
  -2.5	43
  -1.5	41
  -0.5	32.5
   0.5	36
   1.5	44
   2.5	41
   3.5	47
   4.5	40
   5.5	38
   6.5	37.5
   7.5	51
   8.5	52
   9.5	43.5
  10.5	37
  11.5	41
  12.5	29.75
  13.5	26
  14.5	45
  15.5	14
  16.5	22
  17.5	18.5
  18.5	19
  19.5	15
  20.5	18
  21.5	25.5
  22.5	24
  23.5	19
  24.5	25
  25.5	18.5
  26.5	13.5
  27.5	18
  28.5	20
  29.5	18
  30.5	24.5
  31.5	10
  32.5	15
  33.5	14
  34.5	20
  35.5	8
  36.5	9.25
  37.5	13
  38.5	15
  39.5	10
  40.5	13
  41.5	8
  42.5	7
DB 4 MOTIF	UP00010_1	Tcfap2b_primary
 -43.0	6.5
 -42.0	9
 -41.0	11
 -40.0	10
 -39.0	5
 -38.0	9
 -37.0	12.5
 -36.0	13
 -35.0	21.75
 -34.0	7.5
 -33.0	8
 -32.0	6
 -31.0	13
 -30.0	14
 -29.0	10.3333
 -28.0	9
 -27.0	10
 -26.0	6
 -25.0	11
 -24.0	7
 -23.0	15
 -22.0	15
 -21.0	22
 -20.0	16
 -19.0	14
 -18.0	14.25
 -17.0	15
 -16.0	21
 -15.0	25.5
 -14.0	26.3333
 -13.0	26
 -12.0	20
 -11.0	26.25
 -10.0	22
  -9.0	27
  -8.0	28
  -7.0	34
  -6.0	25
  -5.0	37
  -4.0	31
  -3.0	33
  -2.0	28
  -1.0	33
   0.0	26
   1.0	28.5833
   2.0	30
   3.0	37
   4.0	37
   5.0	27
   6.0	32
   7.0	39
   8.0	34
   9.0	38
  10.0	28
  11.0	29
  12.0	32.5
  13.0	19.25
  14.0	37
  15.0	22
  16.0	18
  17.0	22
  18.0	15.5
  19.0	16
  20.0	19.75
  21.0	17.5
  22.0	14.5
  23.0	27
  24.0	15
  25.0	17
  26.0	10
  27.0	11
  28.0	15
  29.0	12
  30.0	20
  31.0	16
  32.0	9
  33.0	12
  34.0	13
  35.0	16
  36.0	10
  37.0	6.25
  38.0	14
  39.0	7.25
  40.0	12
  41.0	6
  42.0	5
  43.0	7
DB 4 MOTIF	UP00087_1	Tcfap2c_primary
 -42.5	5
 -41.5	17
 -40.5	9
 -39.5	11.5
 -38.5	9
 -37.5	9.5
 -36.5	15
 -35.5	19.75
 -34.5	13.5
 -33.5	6
 -32.5	12
 -31.5	15
 -30.5	12
 -29.5	12
 -28.5	15.5
 -27.5	13
 -26.5	11
 -25.5	15
 -24.5	17
 -23.5	14
 -22.5	22
 -21.5	18
 -20.5	13
 -19.5	17
 -18.5	20
 -17.5	16
 -16.5	20.5
 -15.5	24
 -14.5	39
 -13.5	26.5
 -12.5	21
 -11.5	31.25
 -10.5	37
  -9.5	34
  -8.5	30.5
  -7.5	37
  -6.5	45
  -5.5	44
  -4.5	39
  -3.5	44
  -2.5	39
  -1.5	37
  -0.5	29
   0.5	36
   1.5	43
   2.5	42
   3.5	38
   4.5	35
   5.5	37
   6.5	34
   7.5	48
   8.5	49.5
   9.5	42.5
  10.5	35
  11.5	39
  12.5	31.75
  13.5	28
  14.5	43
  15.5	15
  16.5	21
  17.5	19.5
  18.5	20
  19.5	14
  20.5	21.5
  21.5	21
  22.5	24
  23.5	18
  24.5	24
  25.5	16
  26.5	13
  27.5	17
  28.5	20
  29.5	15
  30.5	20.5
  31.5	9
  32.5	13
  33.5	14
  34.5	19
  35.5	8
  36.5	9.25
  37.5	12
  38.5	15
  39.5	7
  40.5	12
  41.5	8
  42.5	7
DB 4 MOTIF	UP00028_1	Tcfap2e_primary
 -42.5	7
 -41.5	14
 -40.5	12
 -39.5	9.5
 -38.5	10.5
 -37.5	11.5
 -36.5	13
 -35.5	18.5
 -34.5	11.75
 -33.5	3
 -32.5	9
 -31.5	12
 -30.5	11
 -29.5	13
 -28.5	14.5
 -27.5	10
 -26.5	10
 -25.5	11
 -24.5	14
 -23.5	11
 -22.5	14
 -21.5	17
 -20.5	11
 -19.5	22.5
 -18.5	20
 -17.5	11
 -16.5	15.5
 -15.5	22
 -14.5	30
 -13.5	20.5
 -12.5	21
 -11.5	21
 -10.5	28.75
  -9.5	25
  -8.5	28
  -7.5	23
  -6.5	39
  -5.5	31
  -4.5	31
  -3.5	31
  -2.5	34
  -1.5	28
  -0.5	31
   0.5	32
   1.5	30
   2.5	35
   3.5	31
   4.5	32
   5.5	29
   6.5	24
   7.5	42
   8.5	43
   9.5	32.5
  10.5	26
  11.5	31
  12.5	22.5
  13.5	23.25
  14.5	31
  15.5	15
  16.5	19
  17.5	16.5
  18.5	18
  19.5	8
  20.5	17.5
  21.5	17
  22.5	23
  23.5	14
  24.5	15
  25.5	15
  26.5	9
  27.5	13
  28.5	13
  29.5	16
  30.5	16
  31.5	10
  32.5	9
  33.5	10
  34.5	13
  35.5	11
  36.5	7
  37.5	10.25
  38.5	13
  39.5	6
  40.5	10
  41.5	7
  42.5	6
DB 4 MOTIF	UP00102_1	Zic1_primary
 -43.0	10
 -42.0	4
 -41.0	8.5
 -40.0	11
 -39.0	14
 -38.0	7.33333
 -37.0	12
 -36.0	13
 -35.0	7
 -34.0	13
 -33.0	18
 -32.0	12.5
 -31.0	12
 -30.0	11
 -29.0	6.33333
 -28.0	20
 -27.0	16
 -26.0	14
 -25.0	10
 -24.0	15
 -23.0	18
 -22.0	19
 -21.0	16
 -20.0	18
 -19.0	19
 -18.0	13.3333
 -17.0	18
 -16.0	26
 -15.0	24
 -14.0	22.8333
 -13.0	31
 -12.0	25.3333
 -11.0	29
 -10.0	30
  -9.0	41
  -8.0	39
  -7.0	39
  -6.0	32
  -5.0	43
  -4.0	40
  -3.0	26.3333
  -2.0	32
  -1.0	38
   0.0	34
   1.0	37.3333
   2.0	27
   3.0	37
   4.0	34
   5.0	46
   6.0	33
   7.0	28
   8.0	41
   9.0	30
  10.0	40
  11.0	36
  12.0	29.3333
  13.0	27.3333
  14.0	28
  15.0	17
  16.0	12
  17.0	15
  18.0	21
  19.0	25
  20.0	18
  21.0	19
  22.0	15
  23.0	20.5
  24.0	29
  25.0	13
  26.0	10
  27.0	9
  28.0	15
  29.0	15
  30.0	14.5
  31.0	13
  32.0	13
  33.0	16
  34.0	11
  35.0	10
  36.0	11
  37.0	17
  38.0	6
  39.0	7
  40.0	15.5
  41.0	6
  42.0	12
  43.0	10
DB 4 MOTIF	UP00057_1	Zic2_primary
 -42.5	15
 -41.5	5.5
 -40.5	13.5
 -39.5	11
 -38.5	14
 -37.5	10
 -36.5	10.5
 -35.5	11
 -34.5	12.5
 -33.5	13.5
 -32.5	12
 -31.5	8.5
 -30.5	13
 -29.5	16.3333
 -28.5	9
 -27.5	12
 -26.5	16
 -25.5	18
 -24.5	13
 -23.5	17
 -22.5	21
 -21.5	21.5
 -20.5	16.5
 -19.5	23
 -18.5	19.3333
 -17.5	18
 -16.5	23
 -15.5	25.5
 -14.5	24.3333
 -13.5	34.5
 -12.5	23
 -11.5	37
 -10.5	31.5
  -9.5	38
  -8.5	40.5
  -7.5	40
  -6.5	37
  -5.5	51
  -4.5	48
  -3.5	35.8333
  -2.5	36.5
  -1.5	42
  -0.5	41
   0.5	43.8333
   1.5	35.5
   2.5	43
   3.5	49
   4.5	42.5
   5.5	37
   6.5	43.5
   7.5	41
   8.5	40
   9.5	36
  10.5	47.25
  11.5	35.0833
  12.5	25
  13.5	34
  14.5	26
  15.5	16
  16.5	17.5
  17.5	21.5
  18.5	20
  19.5	27
  20.5	18
  21.5	21.5
  22.5	20.25
  23.5	31.25
  24.5	16
  25.5	12.5
  26.5	15
  27.5	11
  28.5	17
  29.5	10.5
  30.5	14
  31.5	16.5
  32.5	16.5
  33.5	10
  34.5	9
  35.5	8
  36.5	10
  37.5	14
  38.5	9
  39.5	12
  40.5	7
  41.5	9
  42.5	9
DB 4 MOTIF	UP00006_1	Zic3_primary
 -42.5	13
 -41.5	4.5
 -40.5	15
 -39.5	8.5
 -38.5	12
 -37.5	12
 -36.5	10.5
 -35.5	12
 -34.5	11
 -33.5	18
 -32.5	13
 -31.5	6.5
 -30.5	12
 -29.5	17.3333
 -28.5	9
 -27.5	14
 -26.5	16
 -25.5	15
 -24.5	15
 -23.5	16
 -22.5	20
 -21.5	20.5
 -20.5	15.5
 -19.5	22
 -18.5	18.3333
 -17.5	20
 -16.5	21.5
 -15.5	23.5
 -14.5	26.8333
 -13.5	31
 -12.5	24
 -11.5	37
 -10.5	30.5
  -9.5	40.5
  -8.5	35
  -7.5	40
  -6.5	33
  -5.5	47
  -4.5	45
  -3.5	34.8333
  -2.5	32.5
  -1.5	40
  -0.5	38
   0.5	37.8333
   1.5	36
   2.5	39
   3.5	45
   4.5	40.5
   5.5	30.5
   6.5	46
   7.5	34
   8.5	36
   9.5	34.5
  10.5	47.75
  11.5	31.0833
  12.5	25
  13.5	32
  14.5	28
  15.5	12
  16.5	17.5
  17.5	21.5
  18.5	18
  19.5	23
  20.5	18
  21.5	21.5
  22.5	18.25
  23.5	30.25
  24.5	16
  25.5	13
  26.5	18
  27.5	12
  28.5	17
  29.5	11.5
  30.5	12.5
  31.5	18
  32.5	16.5
  33.5	10.5
  34.5	10
  35.5	10
  36.5	8
  37.5	13
  38.5	9
  39.5	13
  40.5	8
  41.5	7
  42.5	11
DB 4 MOTIF	UP00011_2	Irf6_secondary
 -42.5	26
 -41.5	24
 -40.5	21
 -39.5	23
 -38.5	19
 -37.5	22
 -36.5	21.5
 -35.5	11.5
 -34.5	16
 -33.5	14
 -32.5	14
 -31.5	27
 -30.5	19
 -29.5	18
 -28.5	21
 -27.5	24
 -26.5	24
 -25.5	22
 -24.5	19
 -23.5	10
 -22.5	18
 -21.5	26
 -20.5	19
 -19.5	32
 -18.5	24
 -17.5	23
 -16.5	19.25
 -15.5	16
 -14.5	18
 -13.5	20.5
 -12.5	17
 -11.5	33.5
 -10.5	22
  -9.5	22
  -8.5	29
  -7.5	26.5
  -6.5	24
  -5.5	29
  -4.5	19
  -3.5	24
  -2.5	27
  -1.5	38
  -0.5	14
   0.5	25
   1.5	31
   2.5	24.75
   3.5	27
   4.5	38
   5.5	28.5
   6.5	29
   7.5	18
   8.5	27
   9.5	32
  10.5	29
  11.5	23
  12.5	28
  13.5	19
  14.5	22
  15.5	16.5
  16.5	25
  17.5	27
  18.5	23
  19.5	28
  20.5	27
  21.5	27.25
  22.5	20
  23.5	12
  24.5	15
  25.5	27
  26.5	17
  27.5	18
  28.5	18.5
  29.5	23
  30.5	18
  31.5	22
  32.5	19
  33.5	15
  34.5	25
  35.5	15
  36.5	20
  37.5	25
  38.5	13.3333
  39.5	16
  40.5	16.5833
  41.5	16.5
  42.5	22.3333
DB 4 MOTIF	UP00098_2	Rfx3_secondary
 -38.5	13
 -37.5	9
 -36.5	8
 -35.5	9
 -34.5	9
 -33.5	12
 -32.5	13
 -31.5	11
 -30.5	12
 -29.5	7
 -28.5	14
 -27.5	9.5
 -26.5	12
 -25.5	9
 -24.5	14
 -23.5	14
 -22.5	7
 -21.5	15
 -20.5	15.3333
 -19.5	20
 -18.5	16
 -17.5	15
 -16.5	11
 -15.5	9
 -14.5	18
 -13.5	12
 -12.5	13
 -11.5	20.5
 -10.5	13.5
  -9.5	11
  -8.5	15
  -7.5	17
  -6.5	17
  -5.5	13
  -4.5	18
  -3.5	15
  -2.5	15
  -1.5	14
  -0.5	12
   0.5	17
   1.5	11
   2.5	12
   3.5	13.3333
   4.5	15
   5.5	19
   6.5	12
   7.5	20
   8.5	11
   9.5	18
  10.5	19
  11.5	16
  12.5	13
  13.5	8
  14.5	11
  15.5	11
  16.5	10
  17.5	10
  18.5	6
  19.5	16
  20.5	7
  21.5	11
  22.5	8
  23.5	10
  24.5	8
  25.5	8
  26.5	10
  27.5	11.3333
  28.5	13
  29.5	12
  30.5	9
  31.5	11
  32.5	10
  33.5	15
  34.5	8.5
  35.5	15
  36.5	8
  37.5	8
  38.5	7
DB 4 MOTIF	UP00076_2	Rfxdc2_secondary
 -41.5	9
 -40.5	14
 -39.5	18
 -38.5	8
 -37.5	14
 -36.5	14
 -35.5	16
 -34.5	13
 -33.5	16
 -32.5	10
 -31.5	11
 -30.5	9
 -29.5	14
 -28.5	5
 -27.5	14
 -26.5	12.5
 -25.5	8
 -24.5	13
 -23.5	11
 -22.5	15
 -21.5	16
 -20.5	16
 -19.5	12
 -18.5	17
 -17.5	11
 -16.5	10
 -15.5	10
 -14.5	13
 -13.5	12
 -12.5	15
 -11.5	16
 -10.5	16
  -9.5	12.5
  -8.5	15
  -7.5	14
  -6.5	10
  -5.5	13
  -4.5	14
  -3.5	19
  -2.5	19
  -1.5	10
  -0.5	21
   0.5	11
   1.5	16
   2.5	19
   3.5	13
   4.5	20
   5.5	19
   6.5	21
   7.5	13
   8.5	20
   9.5	12
  10.5	12
  11.5	17
  12.5	11
  13.5	12
  14.5	12
  15.5	15
  16.5	16
  17.5	8
  18.5	6
  19.5	8
  20.5	15
  21.5	16
  22.5	11
  23.5	6
  24.5	9
  25.5	6
  26.5	8
  27.5	14
  28.5	15
  29.5	10
  30.5	10
  31.5	15
  32.5	15
  33.5	11
  34.5	11.5
  35.5	9
  36.5	18.5
  37.5	5
  38.5	11
  39.5	11
  40.5	11
  41.5	9
DB 4 MOTIF	UP00005_2	Tcfap2a_secondary
 -43.0	22
 -42.0	32
 -41.0	17
 -40.0	22
 -39.0	17
 -38.0	22
 -37.0	19
 -36.0	24
 -35.0	33.5
 -34.0	21.25
 -33.0	32
 -32.0	24
 -31.0	28.5
 -30.0	24.5
 -29.0	22.3333
 -28.0	25
 -27.0	26.5
 -26.0	22
 -25.0	25
 -24.0	19
 -23.0	18
 -22.0	23
 -21.0	35
 -20.0	24
 -19.0	27
 -18.0	23
 -17.0	24
 -16.0	29.5
 -15.0	21
 -14.0	19.3333
 -13.0	26.5
 -12.0	27
 -11.0	33.5
 -10.0	40.25
  -9.0	21
  -8.0	31
  -7.0	35
  -6.0	40
  -5.0	33
  -4.0	29
  -3.0	33
  -2.0	16
  -1.0	37
   0.0	26
   1.0	24.3333
   2.0	37
   3.0	31
   4.0	35
   5.0	31
   6.0	41
   7.0	25
   8.0	35
   9.0	39
  10.0	33
  11.0	40
  12.0	30
  13.0	32
  14.0	28.25
  15.0	31
  16.0	25
  17.0	27
  18.0	31
  19.0	27
  20.0	38
  21.0	28.5
  22.0	24
  23.0	28
  24.0	25
  25.0	30
  26.0	22
  27.0	17
  28.0	22
  29.0	30
  30.0	27
  31.0	19
  32.0	16
  33.0	19
  34.0	32
  35.0	33
  36.0	29
  37.0	25
  38.0	24.25
  39.0	17
  40.0	34
  41.0	22
  42.0	17
  43.0	26
DB 4 MOTIF	UP00082_2	Zfp187_secondary
 -42.0	13
 -41.0	12
 -40.0	16
 -39.0	19
 -38.0	14
 -37.0	12
 -36.0	11
 -35.0	11
 -34.0	11
 -33.0	15
 -32.0	16
 -31.0	20
 -30.0	19
 -29.0	8
 -28.0	22
 -27.0	12
 -26.0	15
 -25.0	14
 -24.0	11
 -23.0	17
 -22.0	18
 -21.0	11
 -20.0	13
 -19.0	21
 -18.0	17
 -17.0	25
 -16.0	16
 -15.0	23
 -14.0	18
 -13.0	16
 -12.0	12
 -11.0	17
 -10.0	17.5
  -9.0	14
  -8.0	24
  -7.0	21
  -6.0	13
  -5.0	18
  -4.0	25
  -3.0	20
  -2.0	21
  -1.0	20
   0.0	20
   1.0	17
   2.0	17
   3.0	21
   4.0	20
   5.0	10.5
   6.0	17
   7.0	24
   8.0	23
   9.0	9
  10.0	16
  11.0	21
  12.0	16.5
  13.0	17
  14.0	18
  15.0	25
  16.0	11
  17.0	10
  18.0	18
  19.0	14
  20.0	23
  21.0	9
  22.0	15
  23.0	17
  24.0	15
  25.0	13
  26.0	19
  27.0	12
  28.0	13
  29.0	17
  30.0	20
  31.0	11
  32.0	14
  33.0	20
  34.0	10
  35.0	10
  36.0	12
  37.0	16
  38.0	19.5
  39.0	14
  40.0	22
  41.0	11
  42.0	16
DB 4 MOTIF	UP00021_2	Zfp281_secondary
 -41.5	5
 -40.5	6
 -39.5	4
 -38.5	6
 -37.5	5
 -36.5	10
 -35.5	12
 -34.5	10
 -33.5	8
 -32.5	8
 -31.5	7
 -30.5	6
 -29.5	8
 -28.5	7
 -27.5	10
 -26.5	7
 -25.5	6
 -24.5	8
 -23.5	8
 -22.5	8
 -21.5	11
 -20.5	10
 -19.5	7
 -18.5	7
 -17.5	5
 -16.5	10
 -15.5	5
 -14.5	11
 -13.5	11
 -12.5	7
 -11.5	8
 -10.5	10
  -9.5	5
  -8.5	9
  -7.5	11
  -6.5	8
  -5.5	9.5
  -4.5	17
  -3.5	7
  -2.5	11
  -1.5	14
  -0.5	12
   0.5	17
   1.5	9
   2.5	12
   3.5	15
   4.5	13
   5.5	16
   6.5	12
   7.5	9
   8.5	6
   9.5	11
  10.5	9
  11.5	14
  12.5	7
  13.5	7
  14.5	8.5
  15.5	9.5
  16.5	8
  17.5	7
  18.5	9
  19.5	10
  20.5	6
  21.5	12
  22.5	11
  23.5	7
  24.5	7
  25.5	10
  26.5	4
  27.5	12
  28.5	5
  29.5	6
  30.5	5
  31.5	7
  32.5	10
  33.5	7.5
  34.5	5
  35.5	6
  36.5	7
  37.5	5
  38.5	7
  39.5	9
  40.5	8
  41.5	6
DB 4 MOTIF	UP00095_2	Zfp691_secondary
 -41.5	18
 -40.5	15
 -39.5	11
 -38.5	10
 -37.5	18
 -36.5	10.3333
 -35.5	13
 -34.5	19
 -33.5	13
 -32.5	9
 -31.5	20
 -30.5	17
 -29.5	14
 -28.5	13
 -27.5	13
 -26.5	18
 -25.5	9
 -24.5	14
 -23.5	14
 -22.5	21
 -21.5	20.3333
 -20.5	11
 -19.5	15
 -18.5	21
 -17.5	19
 -16.5	12
 -15.5	17
 -14.5	22
 -13.5	14
 -12.5	14
 -11.5	18
 -10.5	17
  -9.5	22
  -8.5	24
  -7.5	23
  -6.5	20.3333
  -5.5	17
  -4.5	24
  -3.5	20
  -2.5	22
  -1.5	32
  -0.5	13
   0.5	22
   1.5	15
   2.5	13
   3.5	16
   4.5	25
   5.5	22
   6.5	21
   7.5	19
   8.5	29
   9.5	10
  10.5	22
  11.5	18
  12.5	10
  13.5	11
  14.5	20
  15.5	15
  16.5	24
  17.5	16
  18.5	18
  19.5	14
  20.5	22
  21.5	16
  22.5	14
  23.5	21
  24.5	16
  25.5	17
  26.5	14
  27.5	20
  28.5	15
  29.5	11
  30.5	17
  31.5	8
  32.5	15
  33.5	14
  34.5	14
  35.5	17
  36.5	10
  37.5	8
  38.5	13
  39.5	18
  40.5	11
  41.5	12
DB 4 MOTIF	UP00022_2	Zfp740_secondary
 -41.5	11
 -40.5	9
 -39.5	12
 -38.5	18
 -37.5	7
 -36.5	12.5
 -35.5	14
 -34.5	7
 -33.5	10
 -32.5	15
 -31.5	12
 -30.5	14
 -29.5	10
 -28.5	16
 -27.5	16.5
 -26.5	9
 -25.5	14
 -24.5	16
 -23.5	21
 -22.5	17
 -21.5	14
 -20.5	19
 -19.5	14
 -18.5	19
 -17.5	11
 -16.5	23
 -15.5	23
 -14.5	22
 -13.5	26
 -12.5	22.5
 -11.5	22
 -10.5	27
  -9.5	39
  -8.5	28
  -7.5	33
  -6.5	37
  -5.5	30
  -4.5	37
  -3.5	39
  -2.5	37
  -1.5	34.5
  -0.5	32.5
   0.5	28
   1.5	45
   2.5	34
   3.5	29
   4.5	36
   5.5	33
   6.5	52
   7.5	35
   8.5	42
   9.5	33
  10.5	28
  11.5	33
  12.5	26
  13.5	21
  14.5	19
  15.5	24
  16.5	22.5
  17.5	17
  18.5	15
  19.5	14.5
  20.5	31
  21.5	13
  22.5	18
  23.5	12
  24.5	12
  25.5	16.5
  26.5	21
  27.5	9
  28.5	12
  29.5	9
  30.5	13
  31.5	13
  32.5	9
  33.5	9
  34.5	8
  35.5	8
  36.5	13
  37.5	9
  38.5	8
  39.5	15
  40.5	9
  41.5	7
DB 4 MOTIF	UP00176_1	Crx_3485.1
 -42.0	3
 -41.0	2
 -40.0	1
 -39.0	1
 -38.0	2
 -37.0	1
 -36.0	3
 -35.0	3
 -34.0	5
 -33.0	5
 -32.0	1
 -31.0	3
 -30.0	2
 -29.0	5
 -28.0	4
 -27.0	1
 -26.0	2
 -25.0	3
 -24.0	4
 -23.0	5
 -22.0	2
 -21.0	4
 -20.0	4
 -19.0	5
 -18.0	6
 -17.0	5
 -16.0	6
 -15.0	0
 -14.0	4
 -13.0	4
 -12.0	3.5
 -11.0	10
 -10.0	2
  -9.0	4
  -8.0	10
  -7.0	11
  -6.0	6
  -5.0	7
  -4.0	1
  -3.0	4
  -2.0	4
  -1.0	10
   0.0	5
   1.0	11
   2.0	6
   3.0	10
   4.0	6
   5.0	9
   6.0	9
   7.0	9
   8.0	1
   9.0	6
  10.0	1
  11.0	0
  12.0	8
  13.0	3
  14.0	8
  15.0	2
  16.0	6
  17.0	4
  18.0	5
  19.0	3
  20.0	6
  21.0	4
  22.0	1
  23.0	4
  24.0	2
  25.0	3
  26.0	4
  27.0	3
  28.0	5
  29.0	3
  30.0	5.5
  31.0	3
  32.0	2
  33.0	5
  34.0	1
  35.0	9
  36.0	7
  37.0	1
  38.0	4
  39.0	5
  40.0	4
  41.0	2
  42.0	3
DB 4 MOTIF	UP00153_1	Pitx1_2312.1
 -41.5	3
 -40.5	2
 -39.5	1
 -38.5	3
 -37.5	4
 -36.5	3
 -35.5	4
 -34.5	3
 -33.5	1
 -32.5	4
 -31.5	1
 -30.5	2
 -29.5	3
 -28.5	6
 -27.5	1
 -26.5	3
 -25.5	2
 -24.5	4
 -23.5	5
 -22.5	2
 -21.5	8
 -20.5	6
 -19.5	7
 -18.5	8
 -17.5	8
 -16.5	4
 -15.5	3
 -14.5	1
 -13.5	8
 -12.5	5
 -11.5	7
 -10.5	7
  -9.5	5
  -8.5	6
  -7.5	9
  -6.5	11
  -5.5	1
  -4.5	5
  -3.5	7
  -2.5	5
  -1.5	5
  -0.5	2
   0.5	7
   1.5	4
   2.5	10
   3.5	8
   4.5	6
   5.5	8
   6.5	7
   7.5	7
   8.5	2
   9.5	3
  10.5	4
  11.5	5
  12.5	2
  13.5	3
  14.5	3
  15.5	3
  16.5	7
  17.5	8
  18.5	3
  19.5	3
  20.5	6
  21.5	5
  22.5	4
  23.5	5
  24.5	6
  25.5	3
  26.5	4
  27.5	4
  28.5	4
  29.5	4
  30.5	5
  31.5	3
  32.5	5
  33.5	4
  34.5	3
  35.5	4
  36.5	5
  37.5	3
  38.5	3
  39.5	4
  40.5	9
  41.5	4
DB 4 MOTIF	UP00265_1	Pitx3_3497.2
 -42.0	0
 -41.0	0
 -40.0	1
 -39.0	0
 -38.0	1
 -37.0	3
 -36.0	2
 -35.0	0
 -34.0	5
 -33.0	3
 -32.0	4
 -31.0	2
 -30.0	6
 -29.0	3
 -28.0	2
 -27.0	3
 -26.0	1
 -25.0	3
 -24.0	1
 -23.0	5
 -22.0	4
 -21.0	2
 -20.0	3
 -19.0	3
 -18.0	8
 -17.0	3
 -16.0	2
 -15.0	6
 -14.0	6
 -13.0	7
 -12.0	7
 -11.0	3
 -10.0	9
  -9.0	7
  -8.0	4
  -7.0	3
  -6.0	5
  -5.0	7
  -4.0	1
  -3.0	8
  -2.0	4
  -1.0	8
   0.0	6
   1.0	9
   2.0	8
   3.0	7
   4.0	6
   5.0	5
   6.0	3
   7.0	10
   8.0	7
   9.0	8
  10.0	4
  11.0	6
  12.0	4
  13.0	2
  14.0	4
  15.0	4
  16.0	8
  17.0	4
  18.0	3
  19.0	4
  20.0	6
  21.0	7
  22.0	7
  23.0	5
  24.0	3
  25.0	2
  26.0	5
  27.0	3
  28.0	5
  29.0	5
  30.0	1
  31.0	3
  32.0	3
  33.0	3
  34.0	2
  35.0	3
  36.0	2
  37.0	4
  38.0	5
  39.0	4
  40.0	4
  41.0	5
  42.0	7
